-9.451958656311035156e+00 -9.514300227165222168e-01 -1.355792403221130371e+00 -3.574176430702209473e-01 1.858880233764648438e+01 -1.854918003082275391e+00 -1.913532257080078125e+00 -1.982074141502380371e+00 -2.305187225341796875e+00 1.285519409179687500e+01
-9.485438346862792969e+00 -9.715446829795837402e-01 -1.309341669082641602e+00 -3.953545689582824707e-01 1.883714866638183594e+01 -1.848307728767395020e+00 -1.922057628631591797e+00 -1.986668348312377930e+00 -2.315887212753295898e+00 1.265205001831054688e+01
-9.508409500122070312e+00 -9.930121302604675293e-01 -1.305475234985351562e+00 -4.147654771804809570e-01 1.879885292053222656e+01 -1.854625940322875977e+00 -1.933998465538024902e+00 -1.996172547340393066e+00 -2.326067686080932617e+00 1.258342075347900391e+01
-9.506834983825683594e+00 -1.001635909080505371e+00 -1.307235717773437500e+00 -4.211335182189941406e-01 1.871341133117675781e+01 -1.842211842536926270e+00 -1.931964874267578125e+00 -1.975896835327148438e+00 -2.303985595703125000e+00 1.230145168304443359e+01
-9.507802963256835938e+00 -1.005736112594604492e+00 -1.313201427459716797e+00 -4.237483441829681396e-01 1.867363357543945312e+01 -1.828849554061889648e+00 -1.929736614227294922e+00 -1.955194234848022461e+00 -2.283075571060180664e+00 1.219197082519531250e+01
-9.505910873413085938e+00 -1.007805824279785156e+00 -1.320745706558227539e+00 -4.245884716510772705e-01 1.861026000976562500e+01 -1.800644636154174805e+00 -1.922347426414489746e+00 -1.908891677856445312e+00 -2.234405755996704102e+00 1.206336021423339844e+01
-9.500584602355957031e+00 -1.007879137992858887e+00 -1.326886057853698730e+00 -4.242846667766571045e-01 1.850356292724609375e+01 -1.767282247543334961e+00 -1.911675333976745605e+00 -1.851882457733154297e+00 -2.175025701522827148e+00 1.195589828491210938e+01
-9.488409996032714844e+00 -1.006769061088562012e+00 -1.330593109130859375e+00 -4.226288795471191406e-01 1.843008995056152344e+01 -1.729595422744750977e+00 -1.897184252738952637e+00 -1.788222908973693848e+00 -2.108871459960937500e+00 1.177027702331542969e+01
-9.481016159057617188e+00 -1.006285071372985840e+00 -1.335875034332275391e+00 -4.187515079975128174e-01 1.846780395507812500e+01 -1.688606858253479004e+00 -1.882210493087768555e+00 -1.719198226928710938e+00 -2.040282726287841797e+00 1.155993652343750000e+01
-9.486899375915527344e+00 -1.008697509765625000e+00 -1.342948436737060547e+00 -4.157565236091613770e-01 1.834077453613281250e+01 -1.661723732948303223e+00 -1.870563149452209473e+00 -1.667967319488525391e+00 -1.991420507431030273e+00 1.113950729370117188e+01
-9.483827590942382812e+00 -1.008748650550842285e+00 -1.347623229026794434e+00 -4.113177359104156494e-01 1.814789009094238281e+01 -1.632014989852905273e+00 -1.855684757232666016e+00 -1.612699270248413086e+00 -1.937020182609558105e+00 1.068489074707031250e+01
-9.479865074157714844e+00 -1.006586551666259766e+00 -1.351417541503906250e+00 -4.052117466926574707e-01 1.793365287780761719e+01 -1.595916152000427246e+00 -1.837766885757446289e+00 -1.547203898429870605e+00 -1.870237350463867188e+00 1.015671443939208984e+01
-9.477895736694335938e+00 -1.002983927726745605e+00 -1.354015588760375977e+00 -3.982572555541992188e-01 1.772026062011718750e+01 -1.555579900741577148e+00 -1.817420363426208496e+00 -1.474497079849243164e+00 -1.795407414436340332e+00 9.544786453247070312e+00
-9.481089591979980469e+00 -9.979518055915832520e-01 -1.356868743896484375e+00 -3.900777995586395264e-01 1.753518676757812500e+01 -1.513663291931152344e+00 -1.796760082244873047e+00 -1.400020718574523926e+00 -1.716645479202270508e+00 8.913084030151367188e+00
-9.487706184387207031e+00 -9.917539954185485840e-01 -1.359082460403442383e+00 -3.802629411220550537e-01 1.735623550415039062e+01 -1.468428254127502441e+00 -1.774294972419738770e+00 -1.320130228996276855e+00 -1.631355881690979004e+00 8.292310714721679688e+00
-9.493800163269042969e+00 -9.849108457565307617e-01 -1.360054731369018555e+00 -3.702214062213897705e-01 1.715829277038574219e+01 -1.423763036727905273e+00 -1.751352071762084961e+00 -1.239016652107238770e+00 -1.545113325119018555e+00 7.714228630065917969e+00
-9.500188827514648438e+00 -9.776716232299804688e-01 -1.361397624015808105e+00 -3.591559231281280518e-01 1.695542144775390625e+01 -1.379945039749145508e+00 -1.729215145111083984e+00 -1.159947633743286133e+00 -1.462098240852355957e+00 7.201586723327636719e+00
-9.505019187927246094e+00 -9.683839678764343262e-01 -1.361698150634765625e+00 -3.475414216518402100e-01 1.682837486267089844e+01 -1.336941480636596680e+00 -1.707711577415466309e+00 -1.085269093513488770e+00 -1.382181882858276367e+00 6.561638832092285156e+00
-9.508979797363281250e+00 -9.590913057327270508e-01 -1.364256381988525391e+00 -3.361372649669647217e-01 1.662724113464355469e+01 -1.293085336685180664e+00 -1.686438679695129395e+00 -1.009514808654785156e+00 -1.300286889076232910e+00 5.950475692749023438e+00
-9.516851425170898438e+00 -9.502196311950683594e-01 -1.366995930671691895e+00 -3.264036178588867188e-01 1.643830871582031250e+01 -1.251053333282470703e+00 -1.666683912277221680e+00 -9.365285038948059082e-01 -1.222254633903503418e+00 5.406410694122314453e+00
