-4.759818911552429199e-01 -3.330629765987396240e-01 -1.370302587747573853e-01 -4.359815418720245361e-01 -3.741091787815093994e-01 -2.022702544927597046e-01 -4.522007405757904053e-01 -2.372688949108123779e-01 -3.611919283866882324e-01 -2.166656702756881714e-01
-4.754635095596313477e-01 -2.360270470380783081e-01 -1.485338956117630005e-01 -4.489868581295013428e-01 -3.931710422039031982e-01 -1.966387331485748291e-01 -4.516488313674926758e-01 -2.153109163045883179e-01 -3.392301201820373535e-01 -3.119580745697021484e-01
-4.770168066024780273e-01 -2.177506238222122192e-01 -1.461712568998336792e-01 -4.456370770931243896e-01 -3.933354020118713379e-01 -1.890238672494888306e-01 -4.576450884342193604e-01 -2.064220160245895386e-01 -3.401590585708618164e-01 -3.381428420543670654e-01
-4.765163064002990723e-01 -2.118865400552749634e-01 -1.435561776161193848e-01 -4.379636645317077637e-01 -3.899843394756317139e-01 -1.853001564741134644e-01 -4.599999487400054932e-01 -2.017820924520492554e-01 -3.412060439586639404e-01 -3.445743918418884277e-01
-4.764290452003479004e-01 -2.101960778236389160e-01 -1.411838084459304810e-01 -4.273882210254669189e-01 -3.867405951023101807e-01 -1.822190880775451660e-01 -4.632601737976074219e-01 -1.978371888399124146e-01 -3.433544337749481201e-01 -3.456638753414154053e-01
-4.772614240646362305e-01 -2.093541920185089111e-01 -1.396884769201278687e-01 -4.136807024478912354e-01 -3.809846341609954834e-01 -1.782737672328948975e-01 -4.684704840183258057e-01 -1.944999992847442627e-01 -3.462651371955871582e-01 -3.456111848354339600e-01
-4.770569205284118652e-01 -2.071632593870162964e-01 -1.375880539417266846e-01 -4.007512331008911133e-01 -3.762749135494232178e-01 -1.739294528961181641e-01 -4.707910120487213135e-01 -1.904311329126358032e-01 -3.504231870174407959e-01 -3.443625271320343018e-01
-4.759806096553802490e-01 -2.044885605573654175e-01 -1.349842548370361328e-01 -3.890174329280853271e-01 -3.728371858596801758e-01 -1.687718927860260010e-01 -4.706574082374572754e-01 -1.851727962493896484e-01 -3.549149930477142334e-01 -3.427965044975280762e-01
-4.755120873451232910e-01 -2.028099149465560913e-01 -1.324082762002944946e-01 -3.784195184707641602e-01 -3.699780702590942383e-01 -1.624838858842849731e-01 -4.714928567409515381e-01 -1.801036000251770020e-01 -3.599108159542083740e-01 -3.412041068077087402e-01
-4.746337532997131348e-01 -2.035634219646453857e-01 -1.287059038877487183e-01 -3.679912984371185303e-01 -3.679120838642120361e-01 -1.572502553462982178e-01 -4.720848798751831055e-01 -1.746725738048553467e-01 -3.665391802787780762e-01 -3.396597504615783691e-01
-4.741832613945007324e-01 -2.046058028936386108e-01 -1.248800903558731079e-01 -3.563455045223236084e-01 -3.654853105545043945e-01 -1.517993360757827759e-01 -4.732289016246795654e-01 -1.680275499820709229e-01 -3.747708797454833984e-01 -3.374591767787933350e-01
-4.738462269306182861e-01 -2.061094641685485840e-01 -1.221349015831947327e-01 -3.441039323806762695e-01 -3.623747229576110840e-01 -1.463560760021209717e-01 -4.732182323932647705e-01 -1.618689745664596558e-01 -3.850241303443908691e-01 -3.343416452407836914e-01
-4.735321700572967529e-01 -2.069592475891113281e-01 -1.195317506790161133e-01 -3.313239216804504395e-01 -3.601277172565460205e-01 -1.401357203722000122e-01 -4.735646247863769531e-01 -1.550091356039047241e-01 -3.969437181949615479e-01 -3.322779834270477295e-01
-4.737392961978912354e-01 -2.085288316011428833e-01 -1.179183349013328552e-01 -3.183678388595581055e-01 -3.570754230022430420e-01 -1.347032487392425537e-01 -4.738802909851074219e-01 -1.482978165149688721e-01 -4.104129672050476074e-01 -3.297908306121826172e-01
-4.738942980766296387e-01 -2.099159210920333862e-01 -1.160147637128829956e-01 -3.042199909687042236e-01 -3.546642959117889404e-01 -1.290269196033477783e-01 -4.748710989952087402e-01 -1.408037096261978149e-01 -4.266163110733032227e-01 -3.272100389003753662e-01
-4.734242558479309082e-01 -2.110058218240737915e-01 -1.150764077901840210e-01 -2.917008996009826660e-01 -3.528988063335418701e-01 -1.239418089389801025e-01 -4.747922718524932861e-01 -1.339016258716583252e-01 -4.432086944580078125e-01 -3.250187933444976807e-01
-4.731948077678680420e-01 -2.122382670640945435e-01 -1.141628921031951904e-01 -2.783431112766265869e-01 -3.507945239543914795e-01 -1.186269149184226990e-01 -4.755645394325256348e-01 -1.262688934803009033e-01 -4.623710513114929199e-01 -3.226132988929748535e-01
-4.731242358684539795e-01 -2.126508504152297974e-01 -1.131156235933303833e-01 -2.651235461235046387e-01 -3.489457964897155762e-01 -1.121091246604919434e-01 -4.769541025161743164e-01 -1.171077489852905273e-01 -4.845828413963317871e-01 -3.210142552852630615e-01
-4.733677804470062256e-01 -2.145561128854751587e-01 -1.114039421081542969e-01 -2.499346733093261719e-01 -3.452307879924774170e-01 -1.052217781543731689e-01 -4.764979779720306396e-01 -1.070392504334449768e-01 -5.089553594589233398e-01 -3.180218338966369629e-01
-4.739136695861816406e-01 -2.150520086288452148e-01 -1.094860732555389404e-01 -2.357009798288345337e-01 -3.424378931522369385e-01 -9.820213168859481812e-02 -4.753263890743255615e-01 -9.640613198280334473e-02 -5.343065857887268066e-01 -3.165210783481597900e-01
