-7.486067246645689011e-03 -7.351095322519540787e-03 -7.343996781855821609e-03 -7.403582334518432617e-03 -7.369970437139272690e-03 -7.455872837454080582e-03 -7.412089034914970398e-03 -7.336678449064493179e-03 -7.307881023734807968e-03 -7.332834415137767792e-03
-7.481962442398071289e-03 -7.352093234658241272e-03 -7.349367719143629074e-03 -7.410358171910047531e-03 -7.371513172984123230e-03 -7.455717772245407104e-03 -7.414163555949926376e-03 -7.337657734751701355e-03 -7.309571374207735062e-03 -7.333328016102313995e-03
-7.477820385247468948e-03 -7.353187538683414459e-03 -7.354847621172666550e-03 -7.417248096317052841e-03 -7.373064756393432617e-03 -7.455546874552965164e-03 -7.416256703436374664e-03 -7.338706869632005692e-03 -7.311339024454355240e-03 -7.333887740969657898e-03
-7.474179845303297043e-03 -7.354236673563718796e-03 -7.359747774899005890e-03 -7.423451170325279236e-03 -7.374436128884553909e-03 -7.455379236489534378e-03 -7.418107241392135620e-03 -7.339697331190109253e-03 -7.312959991395473480e-03 -7.334440015256404877e-03
-7.473608478903770447e-03 -7.355228997766971588e-03 -7.361578289419412613e-03 -7.426360622048377991e-03 -7.374865468591451645e-03 -7.455134764313697815e-03 -7.418696302920579910e-03 -7.340519689023494720e-03 -7.313916925340890884e-03 -7.335107307881116867e-03
-7.472895085811614990e-03 -7.356242742389440536e-03 -7.363556884229183197e-03 -7.429435849189758301e-03 -7.375323679298162460e-03 -7.454876322299242020e-03 -7.419329136610031128e-03 -7.341362535953521729e-03 -7.314914371818304062e-03 -7.335780188441276550e-03
-7.472781464457511902e-03 -7.355737034231424332e-03 -7.363547105342149734e-03 -7.430117577314376831e-03 -7.375538814812898636e-03 -7.454900536686182022e-03 -7.419511675834655762e-03 -7.341046817600727081e-03 -7.314634975045919418e-03 -7.335415109992027283e-03
-7.472991943359375000e-03 -7.354449015110731125e-03 -7.362496107816696167e-03 -7.429538294672966003e-03 -7.375617511570453644e-03 -7.455064915120601654e-03 -7.419449742883443832e-03 -7.340133190155029297e-03 -7.313692476600408554e-03 -7.334516383707523346e-03
-7.474184967577457428e-03 -7.352003362029790878e-03 -7.359431590884923935e-03 -7.426613941788673401e-03 -7.375321816653013229e-03 -7.455368526279926300e-03 -7.418791297823190689e-03 -7.338309660553932190e-03 -7.311666850000619888e-03 -7.332844659686088562e-03
-7.475094404071569443e-03 -7.349271792918443680e-03 -7.356397807598114014e-03 -7.423699833452701569e-03 -7.375098299235105515e-03 -7.455717772245407104e-03 -7.418209686875343323e-03 -7.336285430938005447e-03 -7.309481501579284668e-03 -7.330956403166055679e-03
-7.475063670426607132e-03 -7.346960715949535370e-03 -7.354556117206811905e-03 -7.422283757477998734e-03 -7.374950684607028961e-03 -7.455714978277683258e-03 -7.417814340442419052e-03 -7.334580179303884506e-03 -7.307728286832571030e-03 -7.329280022531747818e-03
-7.475010585039854050e-03 -7.347462698817253113e-03 -7.355088833719491959e-03 -7.423600181937217712e-03 -7.374740205705165863e-03 -7.455089595168828964e-03 -7.417613174766302109e-03 -7.334934081882238388e-03 -7.308044470846652985e-03 -7.329567335546016693e-03
-7.474807556718587875e-03 -7.347705308347940445e-03 -7.355536799877882004e-03 -7.424717303365468979e-03 -7.374594453722238541e-03 -7.454572711139917374e-03 -7.417473010718822479e-03 -7.335103116929531097e-03 -7.308203261345624924e-03 -7.329671178013086319e-03
-7.474244106560945511e-03 -7.346605882048606873e-03 -7.355130743235349655e-03 -7.424504961818456650e-03 -7.374570239335298538e-03 -7.454457692801952362e-03 -7.417375221848487854e-03 -7.334292866289615631e-03 -7.307439111173152924e-03 -7.328829728066921234e-03
-7.471419405192136765e-03 -7.344595156610012054e-03 -7.356062997132539749e-03 -7.425494026392698288e-03 -7.375225424766540527e-03 -7.454693317413330078e-03 -7.418117951601743698e-03 -7.332896813750267029e-03 -7.306444924324750900e-03 -7.327246945351362228e-03
-7.433979772031307220e-03 -7.327565457671880722e-03 -7.370097562670707703e-03 -7.419484667479991913e-03 -7.385293021798133850e-03 -7.455675862729549408e-03 -7.432810496538877487e-03 -7.319902069866657257e-03 -7.298777345567941666e-03 -7.311841472983360291e-03
-7.244159467518329620e-03 -7.182261906564235687e-03 -7.318135816603899002e-03 -7.284178398549556732e-03 -7.353723049163818359e-03 -7.443980779498815536e-03 -7.385642733424901962e-03 -7.198270410299301147e-03 -7.206838112324476242e-03 -7.176744751632213593e-03
-7.297747768461704254e-03 -7.061205338686704636e-03 -7.241985760629177094e-03 -7.289221044629812241e-03 -7.404711563140153885e-03 -7.521412335336208344e-03 -7.422495167702436447e-03 -7.104407530277967453e-03 -7.177277468144893646e-03 -7.070248015224933624e-03
-7.419996894896030426e-03 -7.014109753072261810e-03 -7.200377993285655975e-03 -7.205237168818712234e-03 -7.401162758469581604e-03 -7.494749967008829117e-03 -7.466543000191450119e-03 -7.051466964185237885e-03 -7.150678895413875580e-03 -7.019117940217256546e-03
-7.454356178641319275e-03 -7.028235588222742081e-03 -7.211477495729923248e-03 -7.245453540235757828e-03 -7.408559322357177734e-03 -7.463224232196807861e-03 -7.456263527274131775e-03 -7.066499907523393631e-03 -7.161026820540428162e-03 -7.038636598736047745e-03
