8.224489688873291016e-01 -2.326157130300998688e-02 7.159141302108764648e-01 8.300542831420898438e-01 7.326311469078063965e-01 7.478950023651123047e-01 -2.959408238530158997e-02 7.035571336746215820e-01 -2.858890965580940247e-02 -2.706516534090042114e-02
8.230789899826049805e-01 -2.325620129704475403e-02 7.168195247650146484e-01 8.297626972198486328e-01 7.329060435295104980e-01 7.480443716049194336e-01 -2.957684360444545746e-02 7.041534185409545898e-01 -2.857033163309097290e-02 -2.704833634197711945e-02
8.237346410751342773e-01 -2.325101383030414581e-02 7.177857160568237305e-01 8.294559717178344727e-01 7.331759929656982422e-01 7.481887340545654297e-01 -2.955984137952327728e-02 7.047668695449829102e-01 -2.855197899043560028e-02 -2.703174948692321777e-02
8.243284225463867188e-01 -2.324664592742919922e-02 7.186726331710815430e-01 8.291703462600708008e-01 7.334145307540893555e-01 7.483110427856445312e-01 -2.954506129026412964e-02 7.053189277648925781e-01 -2.853599004447460175e-02 -2.701732888817787170e-02
8.245910406112670898e-01 -2.324718981981277466e-02 7.191118597984313965e-01 8.290120363235473633e-01 7.334874272346496582e-01 7.483084201812744141e-01 -2.954254299402236938e-02 7.055497169494628906e-01 -2.853302471339702606e-02 -2.701488137245178223e-02
8.248732089996337891e-01 -2.324755117297172546e-02 7.195837497711181641e-01 8.288434743881225586e-01 7.335654497146606445e-01 7.483086585998535156e-01 -2.953954227268695831e-02 7.057976722717285156e-01 -2.852954342961311340e-02 -2.701196819543838501e-02
8.247439861297607422e-01 -2.324559167027473450e-02 7.191720008850097656e-01 8.288967609405517578e-01 7.336691021919250488e-01 7.483594417572021484e-01 -2.953458391129970551e-02 7.057551145553588867e-01 -2.852442115545272827e-02 -2.700707875192165375e-02
8.244031667709350586e-01 -2.324246428906917572e-02 7.183075547218322754e-01 8.290640115737915039e-01 7.337837815284729004e-01 7.484347820281982422e-01 -2.952871471643447876e-02 7.055615186691284180e-01 -2.851856127381324768e-02 -2.700126357376575470e-02
8.237030506134033203e-01 -2.323835343122482300e-02 7.167158722877502441e-01 8.294150829315185547e-01 7.338865995407104492e-01 7.485244274139404297e-01 -2.952335961163043976e-02 7.050977945327758789e-01 -2.851357869803905487e-02 -2.699591033160686493e-02
8.229674100875854492e-01 -2.323311753571033478e-02 7.150108814239501953e-01 8.297908306121826172e-01 7.340174913406372070e-01 7.486397027969360352e-01 -2.951590716838836670e-02 7.046214342117309570e-01 -2.850645966827869415e-02 -2.698849886655807495e-02
8.224364519119262695e-01 -2.322716265916824341e-02 7.137039303779602051e-01 8.300404548645019531e-01 7.341592907905578613e-01 7.487453222274780273e-01 -2.950585260987281799e-02 7.043051719665527344e-01 -2.849645540118217468e-02 -2.697858214378356934e-02
8.225669860839843750e-01 -2.322761900722980499e-02 7.139710187911987305e-01 8.299138545989990234e-01 7.341488003730773926e-01 7.486910820007324219e-01 -2.950533851981163025e-02 7.044024467468261719e-01 -2.849577367305755615e-02 -2.697812765836715698e-02
8.226522207260131836e-01 -2.322730980813503265e-02 7.141214609146118164e-01 8.298211097717285156e-01 7.341564893722534180e-01 7.486597299575805664e-01 -2.950360253453254700e-02 7.044748067855834961e-01 -2.849387563765048981e-02 -2.697646617889404297e-02
8.224682807922363281e-01 -2.322358079254627228e-02 7.136235833168029785e-01 8.299033641815185547e-01 7.342340350151062012e-01 7.487189769744873047e-01 -2.949689514935016632e-02 7.043809890747070312e-01 -2.848708070814609528e-02 -2.696988917887210846e-02
8.222944736480712891e-01 -2.321433089673519135e-02 7.129375338554382324e-01 8.300242424011230469e-01 7.344676852226257324e-01 7.489192485809326172e-01 -2.947879396378993988e-02 7.043713331222534180e-01 -2.846846915781497955e-02 -2.695214003324508667e-02
8.230543136596679688e-01 -2.311534434556961060e-02 7.119390368461608887e-01 8.305077552795410156e-01 7.364947795867919922e-01 7.507265806198120117e-01 -2.931193076074123383e-02 7.054533958435058594e-01 -2.829805389046669006e-02 -2.679076418280601501e-02
8.158203363418579102e-01 -2.243001013994216919e-02 6.995511651039123535e-01 8.329850435256958008e-01 7.344024181365966797e-01 7.547974586486816406e-01 -2.812634594738483429e-02 6.998621225357055664e-01 -2.711589261889457703e-02 -2.566445618867874146e-02
8.211247920989990234e-01 -2.182099781930446625e-02 7.110953330993652344e-01 8.343003988265991211e-01 7.394175529479980469e-01 7.531083822250366211e-01 -2.687031775712966919e-02 7.035312652587890625e-01 -2.590808272361755371e-02 -2.453152276575565338e-02
8.311846256256103516e-01 -2.156977169215679169e-02 7.230697274208068848e-01 8.378835916519165039e-01 7.489128112792968750e-01 7.548537254333496094e-01 -2.622284181416034698e-02 7.069613933563232422e-01 -2.534352242946624756e-02 -2.404044754803180695e-02
8.354429006576538086e-01 -2.158978953957557678e-02 7.292805314064025879e-01 8.395448923110961914e-01 7.505586743354797363e-01 7.548267841339111328e-01 -2.627214603126049042e-02 7.101916074752807617e-01 -2.543439716100692749e-02 -2.416820451617240906e-02
