1.273494243621826172e+00 2.696748256683349609e+00 -6.684990599751472473e-03 -4.422303754836320877e-03 2.442203521728515625e+00 6.550350189208984375e-01
1.266145229339599609e+00 2.704194545745849609e+00 -6.570422556251287460e-03 -4.402194637805223465e-03 2.452817916870117188e+00 6.359781026840209961e-01
1.258642911911010742e+00 2.711925745010375977e+00 -6.454653106629848480e-03 -4.382456652820110321e-03 2.463845968246459961e+00 6.167206764221191406e-01
1.250760793685913086e+00 2.720266342163085938e+00 -6.335075944662094116e-03 -4.363083280622959137e-03 2.475756883621215820e+00 5.968341827392578125e-01
1.242671728134155273e+00 2.728962898254394531e+00 -6.213662680238485336e-03 -4.344066604971885681e-03 2.488188505172729492e+00 5.766440629959106445e-01
1.239782810211181641e+00 2.731927394866943359e+00 -6.155816838145256042e-03 -4.327320493757724762e-03 2.491300344467163086e+00 5.660693645477294922e-01
1.237168788909912109e+00 2.734861373901367188e+00 -6.105118431150913239e-03 -4.313239827752113342e-03 2.494431257247924805e+00 5.567239522933959961e-01
1.234291076660156250e+00 2.738729000091552734e+00 -6.056817714124917984e-03 -4.302767571061849594e-03 2.498960494995117188e+00 5.478053689002990723e-01
1.231318235397338867e+00 2.742936849594116211e+00 -6.009490229189395905e-03 -4.293672274798154831e-03 2.504006147384643555e+00 5.390639305114746094e-01
1.228337407112121582e+00 2.747169256210327148e+00 -5.962183233350515366e-03 -4.284651484340429306e-03 2.509087562561035156e+00 5.303255915641784668e-01
1.225363612174987793e+00 2.751340150833129883e+00 -5.914451554417610168e-03 -4.275294020771980286e-03 2.514074325561523438e+00 5.215144157409667969e-01
1.222234487533569336e+00 2.755825042724609375e+00 -5.865300074219703674e-03 -4.266164731234312057e-03 2.519480466842651367e+00 5.124347805976867676e-01
1.218907594680786133e+00 2.760348796844482422e+00 -5.811995826661586761e-03 -4.255794920027256012e-03 2.524968862533569336e+00 5.026934146881103516e-01
1.215448737144470215e+00 2.764933347702026367e+00 -5.756195634603500366e-03 -4.244776442646980286e-03 2.530558347702026367e+00 4.925537407398223877e-01
1.211894989013671875e+00 2.769645214080810547e+00 -5.698976572602987289e-03 -4.233534447848796844e-03 2.536313056945800781e+00 4.821611642837524414e-01
1.208297610282897949e+00 2.774508714675903320e+00 -5.642686970531940460e-03 -4.223254974931478500e-03 2.542341470718383789e+00 4.719678163528442383e-01
1.204625606536865234e+00 2.779439687728881836e+00 -5.584987811744213104e-03 -4.212606232613325119e-03 2.548451423645019531e+00 4.615281522274017334e-01
1.200777888298034668e+00 2.784539937973022461e+00 -5.524097010493278503e-03 -4.201164934784173965e-03 2.554770946502685547e+00 4.505302608013153076e-01
1.196914315223693848e+00 2.789672613143920898e+00 -5.463149398565292358e-03 -4.189809318631887436e-03 2.561140537261962891e+00 4.395259022712707520e-01
1.193004250526428223e+00 2.794859170913696289e+00 -5.401366855949163437e-03 -4.178246017545461655e-03 2.567572593688964844e+00 4.283694326877593994e-01
1.189157843589782715e+00 2.799912452697753906e+00 -5.340070463716983795e-03 -4.166526254266500473e-03 2.573822021484375000e+00 4.173037409782409668e-01
1.185222625732421875e+00 2.805133104324340820e+00 -5.277896299958229065e-03 -4.154894966632127762e-03 2.580296516418457031e+00 4.060770273208618164e-01
1.181255221366882324e+00 2.810411930084228516e+00 -5.215362180024385452e-03 -4.143266472965478897e-03 2.586847543716430664e+00 3.947835862636566162e-01
1.177291393280029297e+00 2.815673112869262695e+00 -5.152748897671699524e-03 -4.131558816879987717e-03 2.593371629714965820e+00 3.834771513938903809e-01
1.173268556594848633e+00 2.821030855178833008e+00 -5.089386366307735443e-03 -4.119796212762594223e-03 2.600022077560424805e+00 3.720324337482452393e-01
1.169233560562133789e+00 2.826392889022827148e+00 -5.025701597332954407e-03 -4.107912536710500717e-03 2.606672525405883789e+00 3.605304360389709473e-01
1.165149450302124023e+00 2.831822395324707031e+00 -4.961295053362846375e-03 -4.095920361578464508e-03 2.613409996032714844e+00 3.489002287387847900e-01
1.161032795906066895e+00 2.837288618087768555e+00 -4.896312952041625977e-03 -4.083790816366672516e-03 2.620191335678100586e+00 3.371664881706237793e-01
1.156919121742248535e+00 2.842736482620239258e+00 -4.831248428672552109e-03 -4.071585368365049362e-03 2.626947402954101562e+00 3.254198133945465088e-01
1.152850627899169922e+00 2.848077058792114258e+00 -4.766379483044147491e-03 -4.059164784848690033e-03 2.633550882339477539e+00 3.137098848819732666e-01
1.148685336112976074e+00 2.853597164154052734e+00 -4.700475372374057770e-03 -4.046788904815912247e-03 2.640392065048217773e+00 3.018077909946441650e-01
1.144516944885253906e+00 2.859133958816528320e+00 -4.634650889784097672e-03 -4.034487996250391006e-03 2.647257566452026367e+00 2.899188399314880371e-01
1.140288591384887695e+00 2.864726305007934570e+00 -4.567767959088087082e-03 -4.021941684186458588e-03 2.654196500778198242e+00 2.778491377830505371e-01
1.136028647422790527e+00 2.870368719100952148e+00 -4.500525072216987610e-03 -4.009393509477376938e-03 2.661203622817993164e+00 2.657163143157958984e-01
1.131772518157958984e+00 2.875992298126220703e+00 -4.433202557265758514e-03 -3.996765241026878357e-03 2.668184041976928711e+00 2.535707652568817139e-01
1.127512454986572266e+00 2.881634712219238281e+00 -4.365958273410797119e-03 -3.984217066317796707e-03 2.675191640853881836e+00 2.414380609989166260e-01
1.123252630233764648e+00 2.887275457382202148e+00 -4.298715386539697647e-03 -3.971668891608715057e-03 2.682197809219360352e+00 2.293059527873992920e-01
1.118857502937316895e+00 2.893196105957031250e+00 -4.230408463627099991e-03 -3.959437832236289978e-03 2.689588308334350586e+00 2.169779241085052490e-01
1.114326953887939453e+00 2.899602413177490234e+00 -4.163127392530441284e-03 -3.948917612433433533e-03 2.697683572769165039e+00 2.048160433769226074e-01
1.109718322753906250e+00 2.906162738800048828e+00 -4.095113836228847504e-03 -3.938499372452497482e-03 2.705984830856323242e+00 1.925166249275207520e-01
1.105107069015502930e+00 2.912734985351562500e+00 -4.027167335152626038e-03 -3.928146790713071823e-03 2.714305877685546875e+00 1.802306175231933594e-01
1.100498199462890625e+00 2.919295549392700195e+00 -3.959147725254297256e-03 -3.917727153748273849e-03 2.722607851028442383e+00 1.679304838180541992e-01
1.095886707305908203e+00 2.925869226455688477e+00 -3.891199827194213867e-03 -3.907375037670135498e-03 2.730930089950561523e+00 1.556434631347656250e-01
1.091277718544006348e+00 2.932427644729614258e+00 -3.823177656158804893e-03 -3.896956099197268486e-03 2.739230632781982422e+00 1.433446407318115234e-01
1.086659669876098633e+00 2.939008474349975586e+00 -3.755116369575262070e-03 -3.886577673256397247e-03 2.747561454772949219e+00 1.310376226902008057e-01
1.082014083862304688e+00 2.945617675781250000e+00 -3.686564974486827850e-03 -3.876080736517906189e-03 2.755927324295043945e+00 1.186437904834747314e-01
1.077370405197143555e+00 2.952212333679199219e+00 -3.617935581132769585e-03 -3.865521168336272240e-03 2.764273166656494141e+00 1.062385737895965576e-01
1.072804212570190430e+00 2.958657741546630859e+00 -3.550032852217555046e-03 -3.854856593534350395e-03 2.772416353225708008e+00 9.396573901176452637e-02
1.068160176277160645e+00 2.965253114700317383e+00 -3.481404157355427742e-03 -3.844298422336578369e-03 2.780763149261474609e+00 8.156058192253112793e-02
1.063514471054077148e+00 2.971861839294433594e+00 -3.412851598113775253e-03 -3.833803348243236542e-03 2.789129257202148438e+00 6.916707754135131836e-02
1.058870792388916016e+00 2.978458404541015625e+00 -3.344219177961349487e-03 -3.823240520432591438e-03 2.797475576400756836e+00 5.676016211509704590e-02
1.054225444793701172e+00 2.985066175460815430e+00 -3.275673370808362961e-03 -3.812746610492467880e-03 2.805840969085693359e+00 4.436796903610229492e-02
1.048382401466369629e+00 2.992159605026245117e+00 -3.196166595444083214e-03 -3.804461797699332237e-03 2.816080570220947266e+00 3.119310736656188965e-02
1.042630314826965332e+00 2.998607873916625977e+00 -3.122172318398952484e-03 -3.799377242103219032e-03 2.826148748397827148e+00 1.959806680679321289e-02
1.037819862365722656e+00 3.004071712493896484e+00 -3.061016788706183434e-03 -3.795608412474393845e-03 2.834680318832397461e+00 1.002699136734008789e-02
1.032920837402343750e+00 3.009648323059082031e+00 -2.998843789100646973e-03 -3.791841678321361542e-03 2.843386650085449219e+00 2.973377704620361328e-04
1.027911901473999023e+00 3.015313625335693359e+00 -2.935011871159076691e-03 -3.787819994613528252e-03 2.852240800857543945e+00 -9.688824502518400550e-05
1.022821545600891113e+00 3.021120548248291016e+00 -2.870505442842841148e-03 -3.783967811614274979e-03 2.861303567886352539e+00 -1.978471846086904407e-04
1.017168045043945312e+00 3.027533292770385742e+00 -2.798622241243720055e-03 -3.779534017667174339e-03 2.871323347091674805e+00 -3.102949121966958046e-04
1.011422872543334961e+00 3.034030437469482422e+00 -2.725439611822366714e-03 -3.774939104914665222e-03 2.881480693817138672e+00 -4.247632459737360477e-04
1.005672454833984375e+00 3.040539264678955078e+00 -2.652260707691311836e-03 -3.770389826968312263e-03 2.891657590866088867e+00 -5.392011953517794609e-04
9.998015165328979492e-01 3.047116994857788086e+00 -2.577627310529351234e-03 -3.765813540667295456e-03 2.902006626129150391e+00 -6.554040010087192059e-04
9.939346313476562500e-01 3.053562879562377930e+00 -2.502152230590581894e-03 -3.760655643418431282e-03 2.912184000015258789e+00 -7.728072814643383026e-04
9.880636334419250488e-01 3.060141563415527344e+00 -2.427516039460897446e-03 -3.756078192964196205e-03 2.922534227371215820e+00 -8.890202152542769909e-04
9.821969270706176758e-01 3.066586256027221680e+00 -2.352042822167277336e-03 -3.750919597223401070e-03 2.932710409164428711e+00 -1.006419886834919453e-03
9.764152765274047852e-01 3.073001146316528320e+00 -2.278107916936278343e-03 -3.746126312762498856e-03 2.942821264266967773e+00 -1.121482579037547112e-03
9.705488681793212891e-01 3.079447031021118164e+00 -2.202635863795876503e-03 -3.740967018529772758e-03 2.952998161315917969e+00 -1.238885801285505295e-03
9.646222591400146484e-01 3.086086034774780273e+00 -2.127290237694978714e-03 -3.736345330253243446e-03 2.963444471359252930e+00 -1.356192515231668949e-03
9.584776163101196289e-01 3.092918634414672852e+00 -2.048989990726113319e-03 -3.731439588591456413e-03 2.974223852157592773e+00 -1.477913581766188145e-03
9.523319602012634277e-01 3.099876880645751953e+00 -1.971557037904858589e-03 -3.727109869942069054e-03 2.985167264938354492e+00 -1.598385279066860676e-03
9.461867213249206543e-01 3.106833934783935547e+00 -1.894122920930385590e-03 -3.722777357324957848e-03 2.996108770370483398e+00 -1.718854531645774841e-03
9.401504993438720703e-01 3.113831043243408203e+00 -1.818531076423823833e-03 -3.718806197866797447e-03 3.007009983062744141e+00 -1.837152522057294846e-03
9.343191385269165039e-01 3.121256828308105469e+00 -1.748906914144754410e-03 -3.717159153893589973e-03 3.018295764923095703e+00 -1.947743585333228111e-03
9.284932017326354980e-01 3.128564596176147461e+00 -1.678530592471361160e-03 -3.714978229254484177e-03 3.029423952102661133e+00 -2.059433609247207642e-03
9.227144122123718262e-01 3.135837316513061523e+00 -1.608917023986577988e-03 -3.712942125275731087e-03 3.040495395660400391e+00 -2.169924089685082436e-03
9.167929887771606445e-01 3.143184185028076172e+00 -1.536829979158937931e-03 -3.710359800606966019e-03 3.051702737808227539e+00 -2.284242073073983192e-03
9.108669757843017578e-01 3.150649309158325195e+00 -1.465502311475574970e-03 -3.708310425281524658e-03 3.063066482543945312e+00 -2.397455275058746338e-03
9.049454927444458008e-01 3.157994985580444336e+00 -1.393411774188280106e-03 -3.705725772306323051e-03 3.074272394180297852e+00 -2.511773258447647095e-03
8.990194797515869141e-01 3.165460824966430664e+00 -1.322087598964571953e-03 -3.703678259626030922e-03 3.085636377334594727e+00 -2.624981570988893509e-03
8.930934667587280273e-01 3.172925949096679688e+00 -1.250758767127990723e-03 -3.701628884300589561e-03 3.096999406814575195e+00 -2.738192211836576462e-03
8.871724009513854980e-01 3.180271625518798828e+00 -1.178677659481763840e-03 -3.699047490954399109e-03 3.108206033706665039e+00 -2.852495526894927025e-03
8.812462091445922852e-01 3.187737703323364258e+00 -1.107346382923424244e-03 -3.696997649967670441e-03 3.119570016860961914e+00 -2.965717576444149017e-03
8.753249049186706543e-01 3.195084095001220703e+00 -1.035264111123979092e-03 -3.694416489452123642e-03 3.130776643753051758e+00 -3.080024849623441696e-03
8.695298433303833008e-01 3.202284574508666992e+00 -9.647899423725903034e-04 -3.691938472911715508e-03 3.141758203506469727e+00 -3.191794967278838158e-03
8.639248609542846680e-01 3.208884000778198242e+00 -8.939748513512313366e-04 -3.687796415761113167e-03 3.151899576187133789e+00 -3.303808160126209259e-03
8.583153486251831055e-01 3.215601444244384766e+00 -8.239167509600520134e-04 -3.684189170598983765e-03 3.162196874618530273e+00 -3.414713311940431595e-03
8.527104854583740234e-01 3.222198963165283203e+00 -7.531028822995722294e-04 -3.680046647787094116e-03 3.172336578369140625e+00 -3.526716958731412888e-03
8.471003174781799316e-01 3.228916645050048828e+00 -6.830376223661005497e-04 -3.676438936963677406e-03 3.182634592056274414e+00 -3.637626301497220993e-03
8.414911031723022461e-01 3.235633850097656250e+00 -6.129830726422369480e-04 -3.672829829156398773e-03 3.192931413650512695e+00 -3.748529125005006790e-03
8.358862400054931641e-01 3.242232799530029297e+00 -5.421692039817571640e-04 -3.668688470497727394e-03 3.203072071075439453e+00 -3.860541153699159622e-03
8.302766084671020508e-01 3.248949527740478516e+00 -4.721087170764803886e-04 -3.665079362690448761e-03 3.213368892669677734e+00 -3.971441183239221573e-03
8.246719837188720703e-01 3.255548000335693359e+00 -4.012983990833163261e-04 -3.660938935354351997e-03 3.223509311676025391e+00 -4.083443898707628250e-03
8.191482424736022949e-01 3.262107372283935547e+00 -3.319078532513231039e-04 -3.657120047137141228e-03 3.233576059341430664e+00 -4.193246364593505859e-03
8.135437965393066406e-01 3.268706321716308594e+00 -2.611035015434026718e-04 -3.652980783954262733e-03 3.243716716766357422e+00 -4.305246286094188690e-03
8.079338073730468750e-01 3.275423288345336914e+00 -1.910382416099309921e-04 -3.649370977655053139e-03 3.254014015197753906e+00 -4.416158422827720642e-03
8.023290634155273438e-01 3.282021284103393555e+00 -1.202255443786270916e-04 -3.645229618996381760e-03 3.264154195785522461e+00 -4.528160206973552704e-03
7.967190742492675781e-01 3.288738965988159180e+00 -5.016148134018294513e-05 -3.641621442511677742e-03 3.274451732635498047e+00 -4.639071878045797348e-03
7.911092042922973633e-01 3.295456886291503906e+00 1.989781856536865234e-03 -3.638013731688261032e-03 3.284750223159790039e+00 -4.749977029860019684e-03
7.855045795440673828e-01 3.302056074142456055e+00 9.070932865142822266e-03 -3.633871907368302345e-03 3.294890403747558594e+00 -4.861988127231597900e-03
7.798950672149658203e-01 3.308773040771484375e+00 1.607662439346313477e-02 -3.630264662206172943e-03 3.305187463760375977e+00 -4.972885362803936005e-03
7.742898464202880859e-01 3.315371036529541016e+00 2.315884828567504883e-02 -3.626121208071708679e-03 3.315328121185302734e+00 -5.084904376417398453e-03
7.687664628028869629e-01 3.321930408477783203e+00 3.009694814682006836e-02 -3.622304415330290794e-03 3.325394392013549805e+00 -5.194692406803369522e-03
7.631618976593017578e-01 3.328527927398681641e+00 3.717845678329467773e-02 -3.618160029873251915e-03 3.335533857345581055e+00 -5.306702572852373123e-03
7.575521469116210938e-01 3.335247278213500977e+00 4.418390989303588867e-02 -3.614556510001420975e-03 3.345833301544189453e+00 -5.417604465037584305e-03
7.519474029541015625e-01 3.341844320297241211e+00 5.126553773880004883e-02 -3.610413055866956711e-03 3.355972528457641602e+00 -5.529608577489852905e-03
7.463377714157104492e-01 3.348560094833374023e+00 5.827146768569946289e-02 -3.606803948059678078e-03 3.366268634796142578e+00 -5.640509072691202164e-03
7.407275438308715820e-01 3.355279684066772461e+00 6.527727842330932617e-02 -3.603199264034628868e-03 3.376568555831909180e+00 -5.751418881118297577e-03
7.351235151290893555e-01 3.361878156661987305e+00 7.235819101333618164e-02 -3.599055111408233643e-03 3.386707544326782227e+00 -5.863425787538290024e-03
7.295133471488952637e-01 3.368595838546752930e+00 7.936447858810424805e-02 -3.595447866246104240e-03 3.397005796432495117e+00 -5.974331870675086975e-03
7.239083051681518555e-01 3.375194072723388672e+00 8.644634485244750977e-02 -3.591305809095501900e-03 3.407146215438842773e+00 -6.086344365030527115e-03
7.183847427368164062e-01 3.381752729415893555e+00 9.338492155075073242e-02 -3.587489947676658630e-03 3.417212963104248047e+00 -6.196133792400360107e-03
7.127810120582580566e-01 3.388350963592529297e+00 1.004652380943298340e-01 -3.583346027880907059e-03 3.427351236343383789e+00 -6.308136042207479477e-03
7.071701884269714355e-01 3.395069122314453125e+00 1.074718832969665527e-01 -3.579740179702639580e-03 3.437650918960571289e+00 -6.419049575924873352e-03
7.015659809112548828e-01 3.401666641235351562e+00 1.145529150962829590e-01 -3.575596958398818970e-03 3.447789669036865234e+00 -6.531049031764268875e-03
6.959557533264160156e-01 3.408384799957275391e+00 1.215594410896301270e-01 -3.571988549083471298e-03 3.458088397979736328e+00 -6.641963496804237366e-03
6.902869343757629395e-01 3.415359497070312500e+00 1.285050511360168457e-01 -3.569225082173943520e-03 3.468739271163940430e+00 -6.752074696123600006e-03
6.844867467880249023e-01 3.422806978225708008e+00 1.353880763053894043e-01 -3.567865118384361267e-03 3.480042934417724609e+00 -6.861468311399221420e-03
6.786877512931823730e-01 3.430346250534057617e+00 1.422017216682434082e-01 -3.566949628293514252e-03 3.491467237472534180e+00 -6.969840265810489655e-03
6.728880405426025391e-01 3.437792778015136719e+00 1.490836739540100098e-01 -3.565591527149081230e-03 3.502770662307739258e+00 -7.079217117279767990e-03
6.671750545501708984e-01 3.445174217224121094e+00 1.558300852775573730e-01 -3.564470680430531502e-03 3.513964891433715820e+00 -7.186478003859519958e-03
6.613747477531433105e-01 3.452621221542358398e+00 1.627129912376403809e-01 -3.563110250979661942e-03 3.525269269943237305e+00 -7.295868359506130219e-03
6.555761098861694336e-01 3.460160255432128906e+00 1.695263981819152832e-01 -3.562196390703320503e-03 3.536693334579467773e+00 -7.404240313917398453e-03
6.497762203216552734e-01 3.467606544494628906e+00 1.764089465141296387e-01 -3.560835262760519981e-03 3.547996282577514648e+00 -7.513627875596284866e-03
6.439765691757202148e-01 3.475146770477294922e+00 1.832233071327209473e-01 -3.559923032298684120e-03 3.559422254562377930e+00 -7.622003555297851562e-03
6.381779909133911133e-01 3.482685565948486328e+00 1.900365948677062988e-01 -3.559008473530411720e-03 3.570846319198608398e+00 -7.730374112725257874e-03
6.323782205581665039e-01 3.490132808685302734e+00 1.969191431999206543e-01 -3.557648509740829468e-03 3.582149505615234375e+00 -7.839759811758995056e-03
6.265793442726135254e-01 3.497671365737915039e+00 2.037325501441955566e-01 -3.556733950972557068e-03 3.593573808670043945e+00 -7.948129437863826752e-03
6.207790374755859375e-01 3.505119085311889648e+00 2.106158137321472168e-01 -3.555374452844262123e-03 3.604877948760986328e+00 -8.057526312768459320e-03
6.150251626968383789e-01 3.512578725814819336e+00 2.173915505409240723e-01 -3.554368158802390099e-03 3.616186380386352539e+00 -8.165275678038597107e-03
6.091825962066650391e-01 3.520106792449951172e+00 2.243054509162902832e-01 -3.553124377503991127e-03 3.627607345581054688e+00 -8.275181986391544342e-03
6.033415794372558594e-01 3.527724742889404297e+00 2.311502099037170410e-01 -3.552324371412396431e-03 3.639147281646728516e+00 -8.384062908589839935e-03
5.974990725517272949e-01 3.535252571105957031e+00 2.380641102790832520e-01 -3.551081288605928421e-03 3.650568723678588867e+00 -8.493968285620212555e-03
5.916581153869628906e-01 3.542871475219726562e+00 2.449083924293518066e-01 -3.550283145159482956e-03 3.662109136581420898e+00 -8.602849207818508148e-03
5.864076614379882812e-01 3.550067424774169922e+00 2.510878443717956543e-01 -3.549298970028758049e-03 3.672702789306640625e+00 -8.703665807843208313e-03
5.826455950736999512e-01 3.556099176406860352e+00 2.556591629981994629e-01 -3.547401400282979012e-03 3.680784940719604492e+00 -8.785128593444824219e-03
5.787606239318847656e-01 3.562419176101684570e+00 2.602848410606384277e-01 -3.546075196936726570e-03 3.689275026321411133e+00 -8.867596276104450226e-03
5.746836662292480469e-01 3.569023370742797852e+00 2.651751637458801270e-01 -3.544439794495701790e-03 3.698134183883666992e+00 -8.954810909926891327e-03
5.705673694610595703e-01 3.575717926025390625e+00 2.701030373573303223e-01 -3.542849328368902206e-03 3.707106113433837891e+00 -9.042816236615180969e-03
5.662056207656860352e-01 3.582781314849853516e+00 2.753779292106628418e-01 -3.540806472301483154e-03 3.716546773910522461e+00 -9.137132205069065094e-03
5.617373585700988770e-01 3.590098381042480469e+00 2.807156443595886230e-01 -3.539148718118667603e-03 3.726330041885375977e+00 -9.232716634869575500e-03
5.571866035461425781e-01 3.597687721252441406e+00 2.861331105232238770e-01 -3.537557320669293404e-03 3.736406087875366211e+00 -9.330528788268566132e-03
5.523999333381652832e-01 3.606028079986572266e+00 2.914317250251770020e-01 -3.538555698469281197e-03 3.747593641281127930e+00 -9.426249191164970398e-03
5.476326942443847656e-01 3.614321231842041016e+00 2.967284321784973145e-01 -3.539419965818524361e-03 3.758709669113159180e+00 -9.521952830255031586e-03
5.429629683494567871e-01 3.622270822525024414e+00 3.021349310874938965e-01 -3.538800403475761414e-03 3.769292116165161133e+00 -9.619761258363723755e-03
5.382283329963684082e-01 3.630381107330322266e+00 3.075595498085021973e-01 -3.538554534316062927e-03 3.780104160308837891e+00 -9.717893786728382111e-03
5.334639549255371094e-01 3.638503551483154297e+00 3.130617737770080566e-01 -3.538016928359866142e-03 3.790920972824096680e+00 -9.817425161600112915e-03
5.286745429039001465e-01 3.646687746047973633e+00 3.185698390007019043e-01 -3.537632059305906296e-03 3.801827430725097656e+00 -9.917050600051879883e-03
5.238146781921386719e-01 3.654969453811645508e+00 3.241842389106750488e-01 -3.537070006132125854e-03 3.812856435775756836e+00 -1.001860201358795166e-02
5.189502835273742676e-01 3.663304805755615234e+00 3.297523856163024902e-01 -3.536852542310953140e-03 3.823971509933471680e+00 -1.011931989341974258e-02
5.140906572341918945e-01 3.671585321426391602e+00 3.353670239448547363e-01 -3.536288859322667122e-03 3.834999561309814453e+00 -1.022086944431066513e-02
5.091981887817382812e-01 3.679949998855590820e+00 3.409882187843322754e-01 -3.535929834470152855e-03 3.846148014068603516e+00 -1.032254286110401154e-02
5.042678713798522949e-01 3.688352584838867188e+00 3.466818928718566895e-01 -3.535375930368900299e-03 3.857339620590209961e+00 -1.042551640421152115e-02
4.993414878845214844e-01 3.696702718734741211e+00 3.524233698844909668e-01 -3.534471616148948669e-03 3.868446111679077148e+00 -1.052935421466827393e-02
4.944107532501220703e-01 3.705106258392333984e+00 3.581171631813049316e-01 -3.533917944878339767e-03 3.879638433456420898e+00 -1.063233427703380585e-02
4.894840717315673828e-01 3.713455915451049805e+00 3.638589978218078613e-01 -3.533014794811606407e-03 3.890745401382446289e+00 -1.073617115616798401e-02
4.846295714378356934e-01 3.721707105636596680e+00 3.694906830787658691e-01 -3.532297210767865181e-03 3.901727437973022461e+00 -1.083802059292793274e-02
4.797025322914123535e-01 3.730057716369628906e+00 3.752325177192687988e-01 -3.531395690515637398e-03 3.912834882736206055e+00 -1.094185840338468552e-02
4.747726917266845703e-01 3.738459825515747070e+00 3.809259533882141113e-01 -3.530839690938591957e-03 3.924025535583496094e+00 -1.104483194649219513e-02
4.698455929756164551e-01 3.746809720993041992e+00 3.866681456565856934e-01 -3.529936075210571289e-03 3.935132265090942383e+00 -1.114867348223924637e-02
4.649151563644409180e-01 3.755213737487792969e+00 3.923617005348205566e-01 -3.529382171109318733e-03 3.946325063705444336e+00 -1.125165168195962906e-02
4.599889516830444336e-01 3.763563632965087891e+00 3.981028199195861816e-01 -3.528479486703872681e-03 3.957431077957153320e+00 -1.135548204183578491e-02
4.550584554672241211e-01 3.771965980529785156e+00 4.037966132164001465e-01 -3.527924884110689163e-03 3.968622922897338867e+00 -1.145845465362071991e-02
4.501279592514038086e-01 3.780369043350219727e+00 4.094905257225036621e-01 -3.527369815856218338e-03 3.979814529418945312e+00 -1.156143564730882645e-02
4.452018737792968750e-01 3.788718223571777344e+00 4.152315258979797363e-01 -3.526466665789484978e-03 3.990919828414916992e+00 -1.166526041924953461e-02
4.405071735382080078e-01 3.796863317489624023e+00 4.206500649452209473e-01 -3.525925567373633385e-03 4.001680374145507812e+00 -1.176419574767351151e-02
4.358257055282592773e-01 3.805050373077392578e+00 4.260651469230651855e-01 -3.525290405377745628e-03 4.012445449829101562e+00 -1.186356414109468460e-02
4.311370849609375000e-01 3.813293218612670898e+00 4.314369559288024902e-01 -3.524999599903821945e-03 4.023301124572753906e+00 -1.196214277297258377e-02
4.264560937881469727e-01 3.821478605270385742e+00 4.368514418601989746e-01 -3.524363506585359573e-03 4.034064769744873047e+00 -1.206149626523256302e-02
4.217666387557983398e-01 3.829721927642822266e+00 4.422239661216735840e-01 -3.524074098095297813e-03 4.044921875000000000e+00 -1.216008421033620834e-02
4.170680046081542969e-01 3.837947368621826172e+00 4.476497769355773926e-01 -3.523497609421610832e-03 4.055739879608154297e+00 -1.225965097546577454e-02
4.123560190200805664e-01 3.846239805221557617e+00 4.530364871025085449e-01 -3.523283172398805618e-03 4.066665172576904297e+00 -1.235849689692258835e-02
4.076448678970336914e-01 3.854530572891235352e+00 4.584230780601501465e-01 -3.523065708577632904e-03 4.077588081359863281e+00 -1.245733723044395447e-02
4.029422998428344727e-01 3.862762689590454102e+00 4.638511538505554199e-01 -3.522502491250634193e-03 4.088417053222656250e+00 -1.255694497376680374e-02
3.982309103012084961e-01 3.871054649353027344e+00 4.692377448081970215e-01 -3.522287122905254364e-03 4.099341392517089844e+00 -1.265578251332044601e-02
3.936029672622680664e-01 3.879135847091674805e+00 4.746060967445373535e-01 -3.521555103361606598e-03 4.109961509704589844e+00 -1.275430526584386826e-02
3.888911008834838867e-01 3.887428522109985352e+00 4.799930453300476074e-01 -3.521340666338801384e-03 4.120887279510498047e+00 -1.285315118730068207e-02
3.841668367385864258e-01 3.895705699920654297e+00 4.854381680488586426e-01 -3.520829370245337486e-03 4.131777763366699219e+00 -1.295306999236345291e-02
3.794304132461547852e-01 3.904047727584838867e+00 4.908439517021179199e-01 -3.520674305036664009e-03 4.142772197723388672e+00 -1.305225491523742676e-02
3.747041225433349609e-01 3.912330150604248047e+00 4.962907433509826660e-01 -3.520168829709291458e-03 4.153669834136962891e+00 -1.315220911055803299e-02
3.699935674667358398e-01 3.920612335205078125e+00 5.016902089118957520e-01 -3.519856603816151619e-03 4.164574146270751953e+00 -1.325131580233573914e-02
3.652890920639038086e-01 3.928880691528320312e+00 5.070887207984924316e-01 -3.519506426528096199e-03 4.175457477569580078e+00 -1.335041504353284836e-02
3.605947494506835938e-01 3.937090396881103516e+00 5.125282406806945801e-01 -3.518803277984261513e-03 4.186244010925292969e+00 -1.345028448849916458e-02
3.558907508850097656e-01 3.945359706878662109e+00 5.179268717765808105e-01 -3.518448676913976669e-03 4.197127342224121094e+00 -1.354940421879291534e-02
3.512712717056274414e-01 3.953414916992187500e+00 5.233060717582702637e-01 -3.517580451443791389e-03 4.207703113555908203e+00 -1.364815235137939453e-02
3.465667963027954102e-01 3.961683988571166992e+00 5.287047028541564941e-01 -3.517226781696081161e-03 4.218586444854736328e+00 -1.374726276844739914e-02
3.418728113174438477e-01 3.969892978668212891e+00 5.341442227363586426e-01 -3.516522236168384552e-03 4.229372501373291016e+00 -1.384713221341371536e-02
3.371682167053222656e-01 3.978160619735717773e+00 5.395432114601135254e-01 -3.516168799251317978e-03 4.240254878997802734e+00 -1.394623983651399612e-02
3.324733972549438477e-01 3.986369371414184570e+00 5.449834465980529785e-01 -3.515463788062334061e-03 4.251041412353515625e+00 -1.404611207544803619e-02
3.277615308761596680e-01 3.994646310806274414e+00 5.503966212272644043e-01 -3.515071468427777290e-03 4.261933326721191406e+00 -1.414548698812723160e-02
3.230507373809814453e-01 4.002922058105468750e+00 5.558086037635803223e-01 -3.514678683131933212e-03 4.272823810577392578e+00 -1.424484234303236008e-02
3.183486461639404297e-01 4.011137962341308594e+00 5.612625479698181152e-01 -3.513938048854470253e-03 4.283618450164794922e+00 -1.434496138244867325e-02
3.136373758316040039e-01 4.019412994384765625e+00 5.666753649711608887e-01 -3.513543866574764252e-03 4.294508934020996094e+00 -1.444432418793439865e-02
3.090090751647949219e-01 4.027479648590087891e+00 5.720703005790710449e-01 -3.512635827064514160e-03 4.305097103118896484e+00 -1.454336941242218018e-02
3.042833805084228516e-01 4.035783767700195312e+00 5.775018334388732910e-01 -3.512225346639752388e-03 4.316021442413330078e+00 -1.464311126619577408e-02
2.995667457580566406e-01 4.044030189514160156e+00 5.829743742942810059e-01 -3.511468647047877312e-03 4.326851367950439453e+00 -1.474361587315797806e-02
2.948406934738159180e-01 4.052335262298583984e+00 5.884065032005310059e-01 -3.511056769639253616e-03 4.337776660919189453e+00 -1.484337076544761658e-02
2.901242971420288086e-01 4.060581207275390625e+00 5.938792824745178223e-01 -3.510295879095792770e-03 4.348605155944824219e+00 -1.494388096034526825e-02
2.853987216949462891e-01 4.068885803222656250e+00 5.993105769157409668e-01 -3.509886562824249268e-03 4.359529972076416016e+00 -1.504361908882856369e-02
2.806724309921264648e-01 4.077190876007080078e+00 6.047424674034118652e-01 -3.509475849568843842e-03 4.370455265045166016e+00 -1.514337304979562759e-02
2.759560346603393555e-01 4.085436820983886719e+00 6.102148890495300293e-01 -3.508718218654394150e-03 4.381285190582275391e+00 -1.524387486279010773e-02
2.712308168411254883e-01 4.093739986419677734e+00 6.156460642814636230e-01 -3.508307971060276031e-03 4.392208099365234375e+00 -1.534360647201538086e-02
2.665888071060180664e-01 4.101834297180175781e+00 6.210590004920959473e-01 -3.507381537929177284e-03 4.402828216552734375e+00 -1.544301956892013550e-02
2.618631124496459961e-01 4.110138893127441406e+00 6.264900565147399902e-01 -3.506972920149564743e-03 4.413753032684326172e+00 -1.554275397211313248e-02
2.571467161178588867e-01 4.118383407592773438e+00 6.319628357887268066e-01 -3.506212960928678513e-03 4.424581050872802734e+00 -1.564325578510761261e-02
2.524210214614868164e-01 4.126688957214355469e+00 6.373944878578186035e-01 -3.505803178995847702e-03 4.435506343841552734e+00 -1.574300415813922882e-02
2.477043867111206055e-01 4.134934902191162109e+00 6.428673863410949707e-01 -3.505044849589467049e-03 4.446336269378662109e+00 -1.584351062774658203e-02
2.429786920547485352e-01 4.143239021301269531e+00 6.482986807823181152e-01 -3.504634136334061623e-03 4.457260608673095703e+00 -1.594325527548789978e-02
2.382622957229614258e-01 4.151694297790527344e+00 6.535778641700744629e-01 -3.505159169435501099e-03 4.468399524688720703e+00 -1.604053191840648651e-02
2.335671186447143555e-01 4.160267829895019531e+00 6.587190032005310059e-01 -3.506436478346586227e-03 4.479696273803710938e+00 -1.613568328320980072e-02
2.288620471954345703e-01 4.168894290924072266e+00 6.638247370719909668e-01 -3.508024150505661964e-03 4.491079330444335938e+00 -1.623016968369483948e-02
2.242413759231567383e-01 4.177313804626464844e+00 6.689071059226989746e-01 -3.509125672280788422e-03 4.502163410186767578e+00 -1.632423885166645050e-02
2.195364236831665039e-01 4.185938835144042969e+00 6.740133166313171387e-01 -3.510711481794714928e-03 4.513545036315917969e+00 -1.641871966421604156e-02
2.148412466049194336e-01 4.194512367248535156e+00 6.791542172431945801e-01 -3.511989954859018326e-03 4.524841308593750000e+00 -1.651386544108390808e-02
2.101365327835083008e-01 4.203138828277587891e+00 6.842598319053649902e-01 -3.513577161356806755e-03 4.536223888397216797e+00 -1.660834811627864838e-02
2.054412364959716797e-01 4.211712837219238281e+00 6.894010901451110840e-01 -3.514852374792098999e-03 4.547519683837890625e+00 -1.670350134372711182e-02
2.007356882095336914e-01 4.220337867736816406e+00 6.945075392723083496e-01 -3.516440978273749352e-03 4.558902740478515625e+00 -1.679798401892185211e-02
1.960268020629882812e-01 4.228971481323242188e+00 6.996195912361145020e-01 -3.518015611916780472e-03 4.570293426513671875e+00 -1.689259335398674011e-02
1.913106441497802734e-01 4.237604141235351562e+00 7.047575116157531738e-01 -3.519474295899271965e-03 4.581676483154296875e+00 -1.698767952620983124e-02
1.864939928054809570e-01 4.246609687805175781e+00 7.097590565681457520e-01 -3.522612154483795166e-03 4.593643188476562500e+00 -1.708019338548183441e-02
1.817589998245239258e-01 4.255421638488769531e+00 7.147319912910461426e-01 -3.525318810716271400e-03 4.605329990386962891e+00 -1.717220433056354523e-02
1.769429445266723633e-01 4.264427185058593750e+00 7.197331786155700684e-01 -3.528455039486289024e-03 4.617294311523437500e+00 -1.726471073925495148e-02
1.721299886703491211e-01 4.273397922515869141e+00 7.247702479362487793e-01 -3.531326539814472198e-03 4.629198551177978516e+00 -1.735790260136127472e-02
1.673015356063842773e-01 4.282422065734863281e+00 7.297901511192321777e-01 -3.534432267770171165e-03 4.641187191009521484e+00 -1.745075918734073639e-02
1.624797582626342773e-01 4.291407108306884766e+00 7.348410487174987793e-01 -3.537279088050127029e-03 4.653107166290283203e+00 -1.754421181976795197e-02
1.576513051986694336e-01 4.300430774688720703e+00 7.398614287376403809e-01 -3.540382022038102150e-03 4.665094375610351562e+00 -1.763707213103771210e-02
1.528233289718627930e-01 4.309455394744873047e+00 7.448809742927551270e-01 -3.543484723195433617e-03 4.677081584930419922e+00 -1.772992871701717377e-02
1.479982137680053711e-01 4.318444728851318359e+00 7.499356865882873535e-01 -3.546330844983458519e-03 4.689009189605712891e+00 -1.782344654202461243e-02
1.431660652160644531e-01 4.327476501464843750e+00 7.549602389335632324e-01 -3.549433080479502678e-03 4.701005458831787109e+00 -1.791639812290668488e-02
1.384160518646240234e-01 4.336310863494873047e+00 7.599557042121887207e-01 -3.552102949470281601e-03 4.712720394134521484e+00 -1.800882257521152496e-02
1.335831880569458008e-01 4.345342636108398438e+00 7.649816870689392090e-01 -3.555203089490532875e-03 4.724717617034912109e+00 -1.810178905725479126e-02
1.287561655044555664e-01 4.354336738586425781e+00 7.700386643409729004e-01 -3.558045951649546623e-03 4.736649990081787109e+00 -1.819536462426185608e-02
1.239234209060668945e-01 4.363368988037109375e+00 7.750642895698547363e-01 -3.561144694685935974e-03 4.748646736145019531e+00 -1.828833110630512238e-02
1.190962791442871094e-01 4.372360706329345703e+00 7.801215052604675293e-01 -3.563988953828811646e-03 4.760578155517578125e+00 -1.838189177215099335e-02
1.142631769180297852e-01 4.381394863128662109e+00 7.851473689079284668e-01 -3.567090490832924843e-03 4.772577285766601562e+00 -1.847486384212970734e-02
1.094306707382202148e-01 4.390426635742187500e+00 7.901726365089416504e-01 -3.570191096514463425e-03 4.784574985504150391e+00 -1.856782473623752594e-02
1.044526100158691406e-01 4.399679183959960938e+00 7.954143881797790527e-01 -3.572945483028888702e-03 4.796841621398925781e+00 -1.866481080651283264e-02
9.946072101593017578e-02 4.408986091613769531e+00 8.006349205970764160e-01 -3.575951559469103813e-03 4.809194087982177734e+00 -1.876138150691986084e-02
9.454739093780517578e-02 4.418102264404296875e+00 8.058305382728576660e-01 -3.578522475436329842e-03 4.821271419525146484e+00 -1.885751821100711823e-02
8.959066867828369141e-02 4.427367210388183594e+00 8.110308051109313965e-01 -3.581386525183916092e-03 4.833539009094238281e+00 -1.895397156476974487e-02
8.464229106903076172e-02 4.436592102050781250e+00 8.162613511085510254e-01 -3.583981422707438469e-03 4.845735073089599609e+00 -1.905102655291557312e-02
7.968127727508544922e-02 4.445866584777832031e+00 8.214692473411560059e-01 -3.586824750527739525e-03 4.858011245727539062e+00 -1.914764754474163055e-02
7.466828823089599609e-02 4.455210685729980469e+00 8.267689347267150879e-01 -3.589451545849442482e-03 4.870365142822265625e+00 -1.924597658216953278e-02
6.947910785675048828e-02 4.464910030364990234e+00 8.322157263755798340e-01 -3.592428751289844513e-03 4.883204936981201172e+00 -1.934701949357986450e-02
6.405699253082275391e-02 4.475024223327636719e+00 8.379315733909606934e-01 -3.595376154407858849e-03 4.896586418151855469e+00 -1.945304311811923981e-02
5.856144428253173828e-02 4.485238552093505859e+00 8.437760472297668457e-01 -3.598022274672985077e-03 4.910080432891845703e+00 -1.956147514283657074e-02
5.287384986877441406e-02 4.495816230773925781e+00 8.498120903968811035e-01 -3.600844647735357285e-03 4.924060344696044922e+00 -1.967344060540199280e-02
4.728198051452636719e-02 4.506174087524414062e+00 8.558035492897033691e-01 -3.603235352784395218e-03 4.937727928161621094e+00 -1.978460140526294708e-02
4.159498214721679688e-02 4.516751766204833984e+00 8.618391156196594238e-01 -3.606057725846767426e-03 4.951707363128662109e+00 -1.989656314253807068e-02
3.591501712799072266e-02 4.527287483215332031e+00 8.679053187370300293e-01 -3.608619794249534607e-03 4.965616703033447266e+00 -2.000910229980945587e-02
3.022706508636474609e-02 4.537867069244384766e+00 8.739413619041442871e-01 -3.611442167311906815e-03 4.979598522186279297e+00 -2.012107521295547485e-02
2.454662322998046875e-02 4.548402309417724609e+00 8.800081610679626465e-01 -3.614003537222743034e-03 4.993508815765380859e+00 -2.023362368345260620e-02
1.885986328125000000e-02 4.558979511260986328e+00 8.860437273979187012e-01 -3.616825444623827934e-03 5.007487297058105469e+00 -2.034558169543743134e-02
1.317250728607177734e-02 4.569557189941406250e+00 8.920796513557434082e-01 -3.619647352024912834e-03 5.021467685699462891e+00 -2.045754902064800262e-02
7.492542266845703125e-03 4.580093383789062500e+00 8.981454968452453613e-01 -3.622210584580898285e-03 5.035377979278564453e+00 -2.057008445262908936e-02
1.805067062377929688e-03 4.590670585632324219e+00 9.041814208030700684e-01 -3.625031327828764915e-03 5.049357414245605469e+00 -2.068204991519451141e-02
-3.786206070799380541e-05 4.601028442382812500e+00 9.101724028587341309e-01 -3.627423197031021118e-03 5.063023567199707031e+00 -2.079320698976516724e-02
-9.473919635638594627e-05 4.611607074737548828e+00 9.162084460258483887e-01 -3.630246035754680634e-03 5.077004909515380859e+00 -2.090517804026603699e-02
-1.515424228273332119e-04 4.622142791748046875e+00 9.222751259803771973e-01 -3.632807405665516853e-03 5.090914726257324219e+00 -2.101772464811801910e-02
-2.084171719616279006e-04 4.632720470428466797e+00 9.283109307289123535e-01 -3.635629080235958099e-03 5.104895114898681641e+00 -2.112968638539314270e-02
-2.652144466992467642e-04 4.643257141113281250e+00 9.343768954277038574e-01 -3.638191847130656242e-03 5.118805408477783203e+00 -2.124223485589027405e-02
-3.220927610527724028e-04 4.653835296630859375e+00 9.404131770133972168e-01 -3.641013987362384796e-03 5.132785320281982422e+00 -2.135420031845569611e-02
-3.789651382248848677e-04 4.664411544799804688e+00 9.464486241340637207e-01 -3.643837291747331619e-03 5.146765232086181641e+00 -2.146615274250507355e-02
-4.357612051535397768e-04 4.674948692321777344e+00 9.525148272514343262e-01 -3.646397264674305916e-03 5.160674571990966797e+00 -2.157869935035705566e-02
-4.926407127641141415e-04 4.685526847839355469e+00 9.585508704185485840e-01 -3.649220569059252739e-03 5.174655437469482422e+00 -2.169066667556762695e-02
-5.487906746566295624e-04 4.695936203002929688e+00 9.645553231239318848e-01 -3.651702310889959335e-03 5.188395977020263672e+00 -2.180206403136253357e-02
-6.059825536794960499e-04 4.706585884094238281e+00 9.706072211265563965e-01 -3.654658328741788864e-03 5.202477931976318359e+00 -2.191432192921638489e-02
-6.631004507653415203e-04 4.717195510864257812e+00 9.766891598701477051e-01 -3.657358465716242790e-03 5.216491222381591797e+00 -2.202715165913105011e-02
-7.202923297882080078e-04 4.727844238281250000e+00 9.827412962913513184e-01 -3.660312853753566742e-03 5.230572223663330078e+00 -2.213940396904945374e-02
-7.774173864163458347e-04 4.738453865051269531e+00 9.888233542442321777e-01 -3.663015086203813553e-03 5.244587421417236328e+00 -2.225223742425441742e-02
-8.346188114956021309e-04 4.749105453491210938e+00 9.948777556419372559e-01 -3.665961790829896927e-03 5.258669853210449219e+00 -2.236454188823699951e-02
-8.920049294829368591e-04 4.759831428527832031e+00 1.000896453857421875e+00 -3.669291269034147263e-03 5.272874355316162109e+00 -2.247615531086921692e-02
-9.494316182099282742e-04 4.770565509796142578e+00 1.006919622421264648e+00 -3.672620281577110291e-03 5.287087917327880859e+00 -2.258786931633949280e-02
-1.006921520456671715e-03 4.781337261199951172e+00 1.012915134429931641e+00 -3.676184220239520073e-03 5.301364421844482422e+00 -2.269903756678104401e-02
-1.063461299054324627e-03 4.791893005371093750e+00 1.018863201141357422e+00 -3.679340705275535583e-03 5.315334320068359375e+00 -2.280936948955059052e-02
-1.120951143093407154e-03 4.802664279937744141e+00 1.024857997894287109e+00 -3.682906273752450943e-03 5.329611301422119141e+00 -2.292053401470184326e-02
-1.178380218334496021e-03 4.813398361206054688e+00 1.030881881713867188e+00 -3.686233423650264740e-03 5.343825340270996094e+00 -2.303225174546241760e-02
-1.235871342942118645e-03 4.824171066284179688e+00 1.036877632141113281e+00 -3.689797827973961830e-03 5.358102798461914062e+00 -2.314343675971031189e-02
-1.293296809308230877e-03 4.834905624389648438e+00 1.042900800704956055e+00 -3.693125210702419281e-03 5.372315883636474609e+00 -2.325514703989028931e-02
-1.350785489194095135e-03 4.845676898956298828e+00 1.048896074295043945e+00 -3.696687985211610794e-03 5.386592864990234375e+00 -2.336632832884788513e-02
-1.408280106261372566e-03 4.856449127197265625e+00 1.054891824722290039e+00 -3.700253320857882500e-03 5.400870800018310547e+00 -2.347751148045063019e-02
-1.465705572627484798e-03 4.867183208465576172e+00 1.060914754867553711e+00 -3.703580703586339951e-03 5.415083885192871094e+00 -2.358921803534030914e-02
-1.523195416666567326e-03 4.877954483032226562e+00 1.066910028457641602e+00 -3.707145573571324348e-03 5.429360866546630859e+00 -2.370039187371730804e-02
-1.579738804139196873e-03 4.888510704040527344e+00 1.072858333587646484e+00 -3.710302989929914474e-03 5.443331241607666016e+00 -2.381072007119655609e-02
-1.637228648178279400e-03 4.899281978607177734e+00 1.078853845596313477e+00 -3.713867394253611565e-03 5.457607746124267578e+00 -2.392189204692840576e-02
-1.694659003987908363e-03 4.910017490386962891e+00 1.084877729415893555e+00 -3.717193845659494400e-03 5.471822261810302734e+00 -2.403361909091472626e-02
-1.752147683873772621e-03 4.920788764953613281e+00 1.090872526168823242e+00 -3.720759879797697067e-03 5.486098766326904297e+00 -2.414478175342082977e-02
-1.809574314393103123e-03 4.931522846221923828e+00 1.096896409988403320e+00 -3.724085399881005287e-03 5.500312328338623047e+00 -2.425650693476200104e-02
-1.867066603153944016e-03 4.942294597625732422e+00 1.102891445159912109e+00 -3.727652132511138916e-03 5.514589786529541016e+00 -2.436767518520355225e-02
-1.924549345858395100e-03 4.953065395355224609e+00 1.108886241912841797e+00 -3.731214907020330429e-03 5.528864383697509766e+00 -2.447884343564510345e-02
-1.982091693207621574e-03 4.963820457458496094e+00 1.114900827407836914e+00 -3.734694095328450203e-03 5.543124675750732422e+00 -2.459027431905269623e-02
-2.039779443293809891e-03 4.974632263183593750e+00 1.120874643325805664e+00 -3.738560015335679054e-03 5.557487964630126953e+00 -2.470085397362709045e-02
-2.096538431942462921e-03 4.985229015350341797e+00 1.126801967620849609e+00 -3.742031753063201904e-03 5.571549892425537109e+00 -2.481056004762649536e-02
-2.154236892238259315e-03 4.996039390563964844e+00 1.132777452468872070e+00 -3.745895344763994217e-03 5.585913181304931641e+00 -2.492114715278148651e-02
-2.211877144873142242e-03 5.006815433502197266e+00 1.138779878616333008e+00 -3.749535186216235161e-03 5.600217819213867188e+00 -2.503224462270736694e-02
-2.269576769322156906e-03 5.017627716064453125e+00 1.144754409790039062e+00 -3.753401804715394974e-03 5.614583492279052734e+00 -2.514283359050750732e-02
-2.327213296666741371e-03 5.028402328491210938e+00 1.150756835937500000e+00 -3.757041878998279572e-03 5.628886699676513672e+00 -2.525392174720764160e-02
-2.384906867519021034e-03 5.039211273193359375e+00 1.156731367111206055e+00 -3.760905470699071884e-03 5.643249034881591797e+00 -2.536450140178203583e-02
-2.442610217258334160e-03 5.050024986267089844e+00 1.162707090377807617e+00 -3.764771623536944389e-03 5.657615184783935547e+00 -2.547509595751762390e-02
-2.500255126506090164e-03 5.060800075531005859e+00 1.168709754943847656e+00 -3.768410533666610718e-03 5.671919822692871094e+00 -2.558619901537895203e-02
-2.557946369051933289e-03 5.071610927581787109e+00 1.174684524536132812e+00 -3.772276220843195915e-03 5.686283111572265625e+00 -2.569678053259849548e-02
