1.281031250953674316e+00 -8.396074920892715454e-02 2.594076097011566162e-01 -1.440029889345169067e-01 -3.971500787883996964e-03 6.428307294845581055e-02
1.272625207901000977e+00 -8.360465615987777710e-02 2.538582384586334229e-01 -1.435238420963287354e-01 -3.916216548532247543e-03 5.060470104217529297e-02
1.264227509498596191e+00 -8.325380831956863403e-02 2.482936680316925049e-01 -1.430535167455673218e-01 -3.860632656142115593e-03 3.660976886749267578e-02
1.255719900131225586e+00 -8.290707319974899292e-02 2.426203787326812744e-01 -1.425917595624923706e-01 -3.803707892075181007e-03 2.185571193695068359e-02
1.247188806533813477e+00 -8.256508409976959229e-02 2.369079291820526123e-01 -1.421384364366531372e-01 -3.746223403140902519e-03 6.681799888610839844e-03
1.242210030555725098e+00 -8.228547126054763794e-02 2.336995899677276611e-01 -1.417540013790130615e-01 -3.715733764693140984e-03 8.778572082519531250e-04
1.237973570823669434e+00 -8.204975724220275879e-02 2.309377491474151611e-01 -1.414323747158050537e-01 -3.689346835017204285e-03 -4.456162423593923450e-05
1.234430193901062012e+00 -8.187066763639450073e-02 2.285245358943939209e-01 -1.411961913108825684e-01 -3.665638389065861702e-03 -1.042926305672153831e-04
1.231151819229125977e+00 -8.171316236257553101e-02 2.262458503246307373e-01 -1.409924924373626709e-01 -3.642972093075513840e-03 -1.663112634560093284e-04
1.227887034416198730e+00 -8.155683428049087524e-02 2.239737212657928467e-01 -1.407906115055084229e-01 -3.620349569246172905e-03 -2.285289665451273322e-04
1.224548220634460449e+00 -8.139511942863464355e-02 2.216615378856658936e-01 -1.405807137489318848e-01 -3.597398288547992706e-03 -2.904880093410611153e-04
1.221196413040161133e+00 -8.123644441366195679e-02 2.193186581134796143e-01 -1.403767615556716919e-01 -3.574010683223605156e-03 -3.558564058039337397e-04
1.217443943023681641e+00 -8.105688542127609253e-02 2.167337834835052490e-01 -1.401427686214447021e-01 -3.548353910446166992e-03 -4.243933944962918758e-04
1.213467001914978027e+00 -8.086626976728439331e-02 2.140109837055206299e-01 -1.398930698633193970e-01 -3.521379781886935234e-03 -4.951286246068775654e-04
1.209396481513977051e+00 -8.067166805267333984e-02 2.112226188182830811e-01 -1.396382898092269897e-01 -3.493743482977151871e-03 -5.677878507412970066e-04
1.205509424209594727e+00 -8.049222081899642944e-02 2.085343301296234131e-01 -1.394057422876358032e-01 -3.466911846771836281e-03 -6.413137889467179775e-04
1.201503276824951172e+00 -8.030650764703750610e-02 2.057698071002960205e-01 -1.391645520925521851e-01 -3.439351217821240425e-03 -7.162677939049899578e-04
1.197234749794006348e+00 -8.010736107826232910e-02 2.028357088565826416e-01 -1.389049291610717773e-01 -3.410153323784470558e-03 -7.945882971398532391e-04
1.192976593971252441e+00 -7.990949600934982300e-02 1.999056637287139893e-01 -1.386472582817077637e-01 -3.380973357707262039e-03 -8.732306887395679951e-04
1.188651919364929199e+00 -7.970810681581497192e-02 1.969316303730010986e-01 -1.383848637342453003e-01 -3.351367544382810593e-03 -9.528124355711042881e-04
1.184319496154785156e+00 -7.950450479984283447e-02 1.939626038074493408e-01 -1.381186097860336304e-01 -3.321875818073749542e-03 -1.030999352224171162e-03
1.179968476295471191e+00 -7.930193096399307251e-02 1.909702122211456299e-01 -1.378546506166458130e-01 -3.292085370048880577e-03 -1.111093792133033276e-03
1.175604104995727539e+00 -7.909925282001495361e-02 1.879657208919525146e-01 -1.375908702611923218e-01 -3.262158017605543137e-03 -1.191877061501145363e-03
1.171223282814025879e+00 -7.889534533023834229e-02 1.849525868892669678e-01 -1.373251974582672119e-01 -3.232160815969109535e-03 -1.272560330107808113e-03
1.166805148124694824e+00 -7.869032025337219238e-02 1.819099485874176025e-01 -1.370584219694137573e-01 -3.201847663149237633e-03 -1.354490523226559162e-03
1.162353992462158203e+00 -7.848329097032546997e-02 1.788472235202789307e-01 -1.367888152599334717e-01 -3.171350341290235519e-03 -1.436642371118068695e-03
1.157855987548828125e+00 -7.827432453632354736e-02 1.757515370845794678e-01 -1.365167498588562012e-01 -3.140517976135015488e-03 -1.519787241704761982e-03
1.153312802314758301e+00 -7.806302607059478760e-02 1.726259291172027588e-01 -1.362415254116058350e-01 -3.109395969659090042e-03 -1.603578333742916584e-03
1.148753046989440918e+00 -7.785050570964813232e-02 1.694917380809783936e-01 -1.359644830226898193e-01 -3.078204346820712090e-03 -1.687279902398586273e-03
1.144164681434631348e+00 -7.763475179672241211e-02 1.663482487201690674e-01 -1.356822699308395386e-01 -3.046982921659946442e-03 -1.769968192093074322e-03
1.139545559883117676e+00 -7.741929590702056885e-02 1.631729900836944580e-01 -1.354013830423355103e-01 -3.015384078025817871e-03 -1.854742760770022869e-03
1.134941935539245605e+00 -7.720505446195602417e-02 1.600060760974884033e-01 -1.351222991943359375e-01 -2.983853220939636230e-03 -1.939610228873789310e-03
1.130252718925476074e+00 -7.698658853769302368e-02 1.567839086055755615e-01 -1.348374634981155396e-01 -2.951787086203694344e-03 -2.025603083893656731e-03
1.125548481941223145e+00 -7.676796615123748779e-02 1.535489261150360107e-01 -1.345525830984115601e-01 -2.919576596468687057e-03 -2.112234709784388542e-03
1.120827317237854004e+00 -7.654806971549987793e-02 1.503053009510040283e-01 -1.342658102512359619e-01 -2.887297188863158226e-03 -2.198764123022556305e-03
1.116123080253601074e+00 -7.632945477962493896e-02 1.470703184604644775e-01 -1.339809745550155640e-01 -2.855086931958794594e-03 -2.285402966663241386e-03
1.111418128013610840e+00 -7.611081749200820923e-02 1.438353359699249268e-01 -1.336960792541503906e-01 -2.822876442223787308e-03 -2.372027607634663582e-03
1.106726050376892090e+00 -7.589671015739440918e-02 1.405875980854034424e-01 -1.334190368652343750e-01 -2.790409373119473457e-03 -2.461601514369249344e-03
1.102364540100097656e+00 -7.570942491292953491e-02 1.375025808811187744e-01 -1.331827491521835327e-01 -2.759178867563605309e-03 -2.554556122049689293e-03
1.097992539405822754e+00 -7.552345097064971924e-02 1.344002783298492432e-01 -1.329491138458251953e-01 -2.727714600041508675e-03 -2.649208297953009605e-03
1.093633770942687988e+00 -7.533851265907287598e-02 1.313051283359527588e-01 -1.327169984579086304e-01 -2.696309005841612816e-03 -2.743924735113978386e-03
1.089261412620544434e+00 -7.515250891447067261e-02 1.282024681568145752e-01 -1.324833333492279053e-01 -2.664841944351792336e-03 -2.838584128767251968e-03
1.084903240203857422e+00 -7.496758550405502319e-02 1.251073181629180908e-01 -1.322512477636337280e-01 -2.633436350151896477e-03 -2.933312673121690750e-03
1.080530285835266113e+00 -7.478159666061401367e-02 1.220046579837799072e-01 -1.320175677537918091e-01 -2.601967891678214073e-03 -3.027962287887930870e-03
1.076163172721862793e+00 -7.459621131420135498e-02 1.189036071300506592e-01 -1.317848712205886841e-01 -2.570504555478692055e-03 -3.122817259281873703e-03
1.071756362915039062e+00 -7.440883666276931763e-02 1.157768070697784424e-01 -1.315494477748870850e-01 -2.538792323321104050e-03 -3.218203783035278320e-03
1.067335247993469238e+00 -7.422043383121490479e-02 1.126426756381988525e-01 -1.313124895095825195e-01 -2.507019089534878731e-03 -3.313528141006827354e-03
1.062924742698669434e+00 -7.403068244457244873e-02 1.095254719257354736e-01 -1.310728639364242554e-01 -2.475474495440721512e-03 -3.407183801755309105e-03
1.058503746986389160e+00 -7.384230941534042358e-02 1.063913404941558838e-01 -1.308359503746032715e-01 -2.443701727315783501e-03 -3.502509556710720062e-03
1.054097056388854980e+00 -7.365494966506958008e-02 1.032647192478179932e-01 -1.306005567312240601e-01 -2.411989727988839149e-03 -3.597901901230216026e-03
1.049676060676574707e+00 -7.346650213003158569e-02 1.001302301883697510e-01 -1.303635537624359131e-01 -2.380213933065533638e-03 -3.693233709782361984e-03
1.045269489288330078e+00 -7.327915728092193604e-02 9.700378775596618652e-02 -1.301281750202178955e-01 -2.348504262045025826e-03 -3.788615344092249870e-03
1.040351748466491699e+00 -7.311931252479553223e-02 9.356191754341125488e-02 -1.299294829368591309e-01 -2.312833443284034729e-03 -3.899969859048724174e-03
1.035958766937255859e+00 -7.300966233015060425e-02 9.049513936042785645e-02 -1.297969222068786621e-01 -2.280475106090307236e-03 -4.005391616374254227e-03
1.032395005226135254e+00 -7.292570173740386963e-02 8.799126744270324707e-02 -1.296974867582321167e-01 -2.253932179883122444e-03 -4.093702882528305054e-03
1.028782248497009277e+00 -7.284133881330490112e-02 8.545053005218505859e-02 -1.295979171991348267e-01 -2.226978540420532227e-03 -4.183672368526458740e-03
1.025046944618225098e+00 -7.275233417749404907e-02 8.283036947250366211e-02 -1.294919848442077637e-01 -2.199230017140507698e-03 -4.275551997125148773e-03
1.021308302879333496e+00 -7.266567647457122803e-02 8.019834756851196289e-02 -1.293900310993194580e-01 -2.171292668208479881e-03 -4.369071684777736664e-03
1.017117142677307129e+00 -7.256691902875900269e-02 7.725465297698974609e-02 -1.292729824781417847e-01 -2.140089171007275581e-03 -4.472818225622177124e-03
1.012835860252380371e+00 -7.246512174606323242e-02 7.425144314765930176e-02 -1.291518658399581909e-01 -2.108281012624502182e-03 -4.578186199069023132e-03
1.008561611175537109e+00 -7.236402481794357300e-02 7.125174999237060547e-02 -1.290318220853805542e-01 -2.076495904475450516e-03 -4.683661274611949921e-03
1.004193663597106934e+00 -7.226178795099258423e-02 6.819257140159606934e-02 -1.289100944995880127e-01 -2.044075168669223785e-03 -4.790959414094686508e-03
9.996847510337829590e-01 -7.215019315481185913e-02 6.505903601646423340e-02 -1.287742406129837036e-01 -2.011027187108993530e-03 -4.897787235677242279e-03
9.953169226646423340e-01 -7.204792648553848267e-02 6.199967861175537109e-02 -1.286524981260299683e-01 -1.978606451302766800e-03 -5.005091428756713867e-03
9.908077120780944824e-01 -7.193633168935775757e-02 5.886611342430114746e-02 -1.285166293382644653e-01 -1.945558586157858372e-03 -5.111914593726396561e-03
9.864355921745300293e-01 -7.183102518320083618e-02 5.581590533256530762e-02 -1.283897906541824341e-01 -1.913312240503728390e-03 -5.217386409640312195e-03
9.819268584251403809e-01 -7.171940803527832031e-02 5.268245935440063477e-02 -1.282539069652557373e-01 -1.880265888758003712e-03 -5.324212368577718735e-03
9.775167107582092285e-01 -7.161615788936614990e-02 4.959392547607421875e-02 -1.281309723854064941e-01 -1.847535488195717335e-03 -5.432523321360349655e-03
9.729096293449401855e-01 -7.150724530220031738e-02 4.637509584426879883e-02 -1.280004978179931641e-01 -1.813460374251008034e-03 -5.544607527554035187e-03
9.684435725212097168e-01 -7.140760123729705811e-02 4.323118925094604492e-02 -1.278840154409408569e-01 -1.780019840225577354e-03 -5.657094530761241913e-03
9.639770388603210449e-01 -7.130791991949081421e-02 4.008704423904418945e-02 -1.277674883604049683e-01 -1.746578374877572060e-03 -5.769573152065277100e-03
9.596855044364929199e-01 -7.121475040912628174e-02 3.704273700714111328e-02 -1.276609003543853760e-01 -1.714101526886224747e-03 -5.880776327103376389e-03
9.561268687248229980e-01 -7.116031646728515625e-02 3.440076112747192383e-02 -1.276130527257919312e-01 -1.685263938270509243e-03 -5.990671925246715546e-03
9.524411559104919434e-01 -7.109732180833816528e-02 3.169152140617370605e-02 -1.275522559881210327e-01 -1.655861269682645798e-03 -6.100131198763847351e-03
9.488152861595153809e-01 -7.103686779737472534e-02 2.902060747146606445e-02 -1.274950057268142700e-01 -1.626834738999605179e-03 -6.208776030689477921e-03
9.449790120124816895e-01 -7.096693664789199829e-02 2.621918916702270508e-02 -1.274242997169494629e-01 -1.596542075276374817e-03 -6.319778040051460266e-03
9.412702918052673340e-01 -7.090556621551513672e-02 2.348518371582031250e-02 -1.273665279150009155e-01 -1.566818449646234512e-03 -6.431208923459053040e-03
9.374329447746276855e-01 -7.083561271429061890e-02 2.068343758583068848e-02 -1.272957921028137207e-01 -1.536523574031889439e-03 -6.542205810546875000e-03
9.337250590324401855e-01 -7.077427208423614502e-02 1.794967055320739746e-02 -1.272380650043487549e-01 -1.506802858784794807e-03 -6.653634365648031235e-03
9.300159811973571777e-01 -7.071290165185928345e-02 1.521569490432739258e-02 -1.271802783012390137e-01 -1.477079465985298157e-03 -6.765063852071762085e-03
9.261798262596130371e-01 -7.064297795295715332e-02 1.241445541381835938e-02 -1.271096020936965942e-01 -1.446790178306400776e-03 -6.876057013869285583e-03
9.224709868431091309e-01 -7.058161497116088867e-02 9.680420160293579102e-03 -1.270518153905868530e-01 -1.417065039277076721e-03 -6.987491622567176819e-03
9.186348319053649902e-01 -7.051169872283935547e-02 6.879091262817382812e-03 -1.269811540842056274e-01 -1.386775751598179340e-03 -7.098488509654998779e-03
9.148921370506286621e-01 -7.044405490159988403e-02 4.143834114074707031e-03 -1.269131600856781006e-01 -1.357183908112347126e-03 -7.207153830677270889e-03
9.108471274375915527e-01 -7.035052031278610229e-02 1.271128654479980469e-03 -1.268051117658615112e-01 -1.326632336713373661e-03 -7.311153225600719452e-03
9.069299101829528809e-01 -7.026557624340057373e-02 -1.533955219201743603e-05 -1.267099976539611816e-01 -1.296650851145386696e-03 -7.415578234940767288e-03
9.028841257095336914e-01 -7.017201930284500122e-02 -4.406779771670699120e-05 -1.266019344329833984e-01 -1.266098464839160442e-03 -7.519567850977182388e-03
8.989661931991577148e-01 -7.008706033229827881e-02 -7.212221680674701929e-05 -1.265067905187606812e-01 -1.236113719642162323e-03 -7.624001242220401764e-03
8.950485587120056152e-01 -7.000209391117095947e-02 -1.001733544399030507e-04 -1.264116615056991577e-01 -1.206131651997566223e-03 -7.728421594947576523e-03
8.910035490989685059e-01 -6.990856677293777466e-02 -1.289007050218060613e-04 -1.263036131858825684e-01 -1.175580779090523720e-03 -7.832417264580726624e-03
8.870856165885925293e-01 -6.982358545064926147e-02 -1.569539308547973633e-04 -1.262084543704986572e-01 -1.145596965216100216e-03 -7.936837151646614075e-03
8.830408453941345215e-01 -6.973007321357727051e-02 -1.856783055700361729e-04 -1.261004358530044556e-01 -1.115048071369528770e-03 -8.040830492973327637e-03
8.791184425354003906e-01 -6.964213401079177856e-02 -2.136471885023638606e-04 -1.260003298521041870e-01 -1.085229916498064995e-03 -8.143491111695766449e-03
8.750740885734558105e-01 -6.954864412546157837e-02 -2.423688711132854223e-04 -1.258923262357711792e-01 -1.054683467373251915e-03 -8.247479796409606934e-03
8.711556792259216309e-01 -6.946365535259246826e-02 -2.704253711272031069e-04 -1.257971525192260742e-01 -1.024697558023035526e-03 -8.351909928023815155e-03
8.671104311943054199e-01 -6.937012821435928345e-02 -2.991506480611860752e-04 -1.256891191005706787e-01 -9.941465687006711960e-04 -8.455899544060230255e-03
8.631927371025085449e-01 -6.928515434265136719e-02 -3.272041503805667162e-04 -1.255939900875091553e-01 -9.641624637879431248e-04 -8.560331538319587708e-03
8.592749834060668945e-01 -6.920021027326583862e-02 -3.552567795850336552e-04 -1.254988759756088257e-01 -9.341789409518241882e-04 -8.664761669933795929e-03
8.552300333976745605e-01 -6.910667568445205688e-02 -3.839823475573211908e-04 -1.253908276557922363e-01 -9.036298142746090889e-04 -8.768755011260509491e-03
8.513125181198120117e-01 -6.902173161506652832e-02 -4.120340745430439711e-04 -1.252957135438919067e-01 -8.736474555917084217e-04 -8.873177692294120789e-03
8.472665548324584961e-01 -6.892816722393035889e-02 -4.407650267239660025e-04 -1.251875907182693481e-01 -8.430923335254192352e-04 -8.977174758911132812e-03
8.433449268341064453e-01 -6.884025782346725464e-02 -4.687291220761835575e-04 -1.250875443220138550e-01 -8.132786606438457966e-04 -9.079827927052974701e-03
8.392991423606872559e-01 -6.874668598175048828e-02 -4.974582698196172714e-04 -1.249794363975524902e-01 -7.827259250916540623e-04 -9.183814749121665955e-03
8.353826999664306641e-01 -6.866179406642913818e-02 -5.255046417005360126e-04 -1.248844340443611145e-01 -7.527471752837300301e-04 -9.288251399993896484e-03
8.313370347023010254e-01 -6.856823712587356567e-02 -5.542340804822742939e-04 -1.247763112187385559e-01 -7.221950218081474304e-04 -9.392237290740013123e-03
8.274186849594116211e-01 -6.848326325416564941e-02 -5.822884850203990936e-04 -1.246811524033546448e-01 -6.922103348188102245e-04 -9.496656246483325958e-03
8.235020637512207031e-01 -6.839835643768310547e-02 -6.103369523771107197e-04 -1.245861202478408813e-01 -6.622297805733978748e-04 -9.601098485291004181e-03
8.194567561149597168e-01 -6.830479204654693604e-02 -6.390637136064469814e-04 -1.244780197739601135e-01 -6.316794315353035927e-04 -9.705081582069396973e-03
8.155388832092285156e-01 -6.821983307600021362e-02 -6.671169539913535118e-04 -1.243829131126403809e-01 -6.016953266225755215e-04 -9.809514507651329041e-03
8.114935755729675293e-01 -6.812629848718643188e-02 -6.958454614505171776e-04 -1.242748424410820007e-01 -5.711425910703837872e-04 -9.913509711623191833e-03
8.075716495513916016e-01 -6.803839653730392456e-02 -7.238104590214788914e-04 -1.241747960448265076e-01 -5.413271137513220310e-04 -1.001616567373275757e-02
8.035267591476440430e-01 -6.794484704732894897e-02 -7.525342516601085663e-04 -1.240667030215263367e-01 -5.107803735882043839e-04 -1.012014504522085190e-02
7.996087670326232910e-01 -6.785990297794342041e-02 -7.805892382748425007e-04 -1.239716187119483948e-01 -4.807938530575484037e-04 -1.022458449006080627e-02
7.955635786056518555e-01 -6.776635348796844482e-02 -8.093154174275696278e-04 -1.238635256886482239e-01 -4.502446972765028477e-04 -1.032856572419404984e-02
7.916457653045654297e-01 -6.768138706684112549e-02 -8.373701130039989948e-04 -1.237684041261672974e-01 -4.202581767458468676e-04 -1.043300703167915344e-02
7.879023551940917969e-01 -6.760974973440170288e-02 -8.645686320960521698e-04 -1.236936748027801514e-01 -3.909368824679404497e-04 -1.053910143673419952e-02
7.844311594963073730e-01 -6.756009161472320557e-02 -8.904829155653715134e-04 -1.236528456211090088e-01 -3.625626850407570601e-04 -1.064859982579946518e-02
7.810692191123962402e-01 -6.751761585474014282e-02 -9.158122120425105095e-04 -1.236227899789810181e-01 -3.346867742948234081e-04 -1.075835805386304855e-02
7.775990962982177734e-01 -6.746799498796463013e-02 -9.417220717296004295e-04 -1.235819980502128601e-01 -3.063173498958349228e-04 -1.086784899234771729e-02
7.742332220077514648e-01 -6.742260605096817017e-02 -9.669634746387600899e-04 -1.235470548272132874e-01 -2.786101249512284994e-04 -1.097584329545497894e-02
7.707619667053222656e-01 -6.737294793128967285e-02 -9.928774088621139526e-04 -1.235062181949615479e-01 -2.502359275240451097e-04 -1.108533982187509537e-02
7.674005031585693359e-01 -6.733048707246780396e-02 -1.018205541186034679e-03 -1.234761849045753479e-01 -2.223618212155997753e-04 -1.119509804993867874e-02
7.639291286468505859e-01 -6.728082150220870972e-02 -1.044119824655354023e-03 -1.234353259205818176e-01 -1.939882349688559771e-04 -1.130458898842334747e-02
7.605674862861633301e-01 -6.723838299512863159e-02 -1.069448888301849365e-03 -1.234053373336791992e-01 -1.661117275943979621e-04 -1.141435932368040085e-02
7.572061419486999512e-01 -6.719590723514556885e-02 -1.094776671379804611e-03 -1.233752965927124023e-01 -1.382382179144769907e-04 -1.152411568909883499e-02
7.537350058555603027e-01 -6.714626401662826538e-02 -1.120689441449940205e-03 -1.233344599604606628e-01 -1.098658103728666902e-04 -1.163360662758350372e-02
7.503736019134521484e-01 -6.710379570722579956e-02 -1.146017573773860931e-03 -1.233044192194938660e-01 -8.199170406442135572e-05 -1.174336485564708710e-02
7.469022870063781738e-01 -6.705414503812789917e-02 -1.171932788565754890e-03 -1.232635825872421265e-01 -5.361631338018923998e-05 -1.185286883264780045e-02
7.435424923896789551e-01 -6.701040267944335938e-02 -1.197194098494946957e-03 -1.232313886284828186e-01 -2.584829780971631408e-05 -1.196171343326568604e-02
7.400766015052795410e-01 -6.696242839097976685e-02 -1.223133527673780918e-03 -1.231933087110519409e-01 2.593249082565307617e-04 -1.207208726555109024e-02
7.367197871208190918e-01 -6.692159175872802734e-02 -1.248489250428974628e-03 -1.231659799814224243e-01 3.053769469261169434e-03 -1.218271348625421524e-02
7.332542538642883301e-01 -6.687362492084503174e-02 -1.274428097531199455e-03 -1.231279000639915466e-01 5.897864699363708496e-03 -1.229309197515249252e-02
7.298980355262756348e-01 -6.683282554149627686e-02 -1.299780327826738358e-03 -1.231006309390068054e-01 8.692011237144470215e-03 -1.240372285246849060e-02
7.269187569618225098e-01 -6.679246574640274048e-02 -1.322647556662559509e-03 -1.230735480785369873e-01 1.121108233928680420e-02 -1.250509358942508698e-02
7.247809767723083496e-01 -6.674604862928390503e-02 -1.339831040240824223e-03 -1.230361685156822205e-01 1.308684051036834717e-02 -1.258284691721200943e-02
7.227173447608947754e-01 -6.670825183391571045e-02 -1.356777851469814777e-03 -1.230125427246093750e-01 1.495598256587982178e-02 -1.266332250088453293e-02
7.204980254173278809e-01 -6.666471064090728760e-02 -1.374864834360778332e-03 -1.229820325970649719e-01 1.694308221340179443e-02 -1.274773664772510529e-02
7.182756066322326660e-01 -6.662174314260482788e-02 -1.393037149682641029e-03 -1.229528486728668213e-01 1.894192397594451904e-02 -1.283308397978544235e-02
7.158446907997131348e-01 -6.657051295042037964e-02 -1.412729849107563496e-03 -1.229137033224105835e-01 2.109722793102264404e-02 -1.292352005839347839e-02
7.134582400321960449e-01 -6.652502715587615967e-02 -1.432342804037034512e-03 -1.228840202093124390e-01 2.325747907161712646e-02 -1.301638688892126083e-02
7.110810875892639160e-01 -6.648044288158416748e-02 -1.452112453989684582e-03 -1.228573024272918701e-01 2.544043958187103271e-02 -1.311164256185293198e-02
7.091806530952453613e-01 -6.647627800703048706e-02 -1.469564158469438553e-03 -1.228919923305511475e-01 2.745185792446136475e-02 -1.321247220039367676e-02
7.072599530220031738e-01 -6.647006422281265259e-02 -1.487105153501033783e-03 -1.229235306382179260e-01 2.946881949901580811e-02 -1.331288181245326996e-02
7.050551772117614746e-01 -6.644055992364883423e-02 -1.506106578744947910e-03 -1.229201778769493103e-01 3.159938752651214600e-02 -1.341100782155990601e-02
7.029052376747131348e-01 -6.641677021980285645e-02 -1.524893334135413170e-03 -1.229257583618164062e-01 3.371898829936981201e-02 -1.351057365536689758e-02
7.006765007972717285e-01 -6.638817489147186279e-02 -1.544162863865494728e-03 -1.229245513677597046e-01 3.588287532329559326e-02 -1.361070480197668076e-02
6.984704136848449707e-01 -6.636191904544830322e-02 -1.563340076245367527e-03 -1.229269653558731079e-01 3.804157674312591553e-02 -1.371138636022806168e-02
6.961937546730041504e-01 -6.633252650499343872e-02 -1.583013799972832203e-03 -1.229254156351089478e-01 4.025034606456756592e-02 -1.381351333111524582e-02
6.939919590950012207e-01 -6.630863249301910400e-02 -1.602273201569914818e-03 -1.229319348931312561e-01 4.242436587810516357e-02 -1.391581166535615921e-02
6.917149424552917480e-01 -6.627922505140304565e-02 -1.621948089450597763e-03 -1.229303255677223206e-01 4.463325440883636475e-02 -1.401792652904987335e-02
6.894692778587341309e-01 -6.625295430421829224e-02 -1.641494338400661945e-03 -1.229336112737655640e-01 4.683463275432586670e-02 -1.412078458815813065e-02
6.871626973152160645e-01 -6.622339785099029541e-02 -1.661433838307857513e-03 -1.229323819279670715e-01 4.907391965389251709e-02 -1.422438677400350571e-02
6.847794651985168457e-01 -6.618826836347579956e-02 -1.681795343756675720e-03 -1.229229420423507690e-01 5.134849250316619873e-02 -1.432782690972089767e-02
6.824727654457092285e-01 -6.615871191024780273e-02 -1.701736124232411385e-03 -1.229217126965522766e-01 5.358777940273284912e-02 -1.443143934011459351e-02
6.800894141197204590e-01 -6.612359732389450073e-02 -1.722097047604620457e-03 -1.229122802615165710e-01 5.586247146129608154e-02 -1.453487947583198547e-02
6.777798533439636230e-01 -6.609174609184265137e-02 -1.741944812238216400e-03 -1.229070425033569336e-01 5.808542668819427490e-02 -1.463684905320405960e-02
6.753968596458435059e-01 -6.605664640665054321e-02 -1.762306899763643742e-03 -1.228976398706436157e-01 6.036017835140228271e-02 -1.474030129611492157e-02
6.730903983116149902e-01 -6.602706015110015869e-02 -1.782245934009552002e-03 -1.228963732719421387e-01 6.259922683238983154e-02 -1.484389416873455048e-02
6.707065701484680176e-01 -6.599192321300506592e-02 -1.802609767764806747e-03 -1.228869110345840454e-01 6.487409770488739014e-02 -1.494733896106481552e-02
6.684001088142395020e-01 -6.596238166093826294e-02 -1.822549384087324142e-03 -1.228857040405273438e-01 6.711320579051971436e-02 -1.505095046013593674e-02
6.660174727439880371e-01 -6.592726707458496094e-02 -1.842908561229705811e-03 -1.228762865066528320e-01 6.938771903514862061e-02 -1.515438687056303024e-02
6.637104153633117676e-01 -6.589770317077636719e-02 -1.862848643213510513e-03 -1.228750422596931458e-01 7.162688672542572021e-02 -1.525799371302127838e-02
6.614037156105041504e-01 -6.586813926696777344e-02 -1.882789423689246178e-03 -1.228737980127334595e-01 7.386617362499237061e-02 -1.536159589886665344e-02
6.590207219123840332e-01 -6.583301723003387451e-02 -1.903149182908236980e-03 -1.228643655776977539e-01 7.614062726497650146e-02 -1.546502672135829926e-02
6.568588614463806152e-01 -6.580487638711929321e-02 -1.922053983435034752e-03 -1.228642910718917847e-01 7.826618850231170654e-02 -1.556443329900503159e-02
6.547011733055114746e-01 -6.577540934085845947e-02 -1.940974267199635506e-03 -1.228627264499664307e-01 8.039174973964691162e-02 -1.566394418478012085e-02
6.526169180870056152e-01 -6.575141102075576782e-02 -1.959493383765220642e-03 -1.228692606091499329e-01 8.248393237590789795e-02 -1.576367393136024475e-02
6.504592299461364746e-01 -6.572193652391433716e-02 -1.978412503376603127e-03 -1.228676661849021912e-01 8.460937440395355225e-02 -1.586317084729671478e-02
6.483744978904724121e-01 -6.569795310497283936e-02 -1.996932784095406532e-03 -1.228742301464080811e-01 8.670191466808319092e-02 -1.596291176974773407e-02
6.462228894233703613e-01 -6.566935032606124878e-02 -2.015846082940697670e-03 -1.228740885853767395e-01 8.882878720760345459e-02 -1.606279984116554260e-02
6.441453099250793457e-01 -6.564648449420928955e-02 -2.034361008554697037e-03 -1.228824704885482788e-01 9.092305600643157959e-02 -1.616303250193595886e-02
6.420674920082092285e-01 -6.562356650829315186e-02 -2.052875934168696404e-03 -1.228907555341720581e-01 9.301744401454925537e-02 -1.626324653625488281e-02
6.399167180061340332e-01 -6.559514999389648438e-02 -2.071789233013987541e-03 -1.228909268975257874e-01 9.514467418193817139e-02 -1.636321470141410828e-02
6.378393769264221191e-01 -6.557227671146392822e-02 -2.090302295982837677e-03 -1.228992789983749390e-01 9.723888337612152100e-02 -1.646343991160392761e-02
6.356833577156066895e-01 -6.554147601127624512e-02 -2.109134336933493614e-03 -1.228953152894973755e-01 9.935115277767181396e-02 -1.656179502606391907e-02
6.336058974266052246e-01 -6.551860272884368896e-02 -2.127648796886205673e-03 -1.229036748409271240e-01 1.014455407857894897e-01 -1.666203141212463379e-02
6.314571499824523926e-01 -6.549093872308731079e-02 -2.146580489352345467e-03 -1.229051351547241211e-01 1.035767644643783569e-01 -1.676246710121631622e-02
6.293820738792419434e-01 -6.546890735626220703e-02 -2.165116835385560989e-03 -1.229149401187896729e-01 1.056756228208541870e-01 -1.686322689056396484e-02
6.272339224815368652e-01 -6.544132530689239502e-02 -2.184049692004919052e-03 -1.229165494441986084e-01 1.078072041273117065e-01 -1.696371845901012421e-02
6.251366734504699707e-01 -6.541690975427627563e-02 -2.202676143497228622e-03 -1.229226812720298767e-01 1.099110096693038940e-01 -1.706392318010330200e-02
6.230337023735046387e-01 -6.539189815521240234e-02 -2.221327042207121849e-03 -1.229279041290283203e-01 1.120161265134811401e-01 -1.716400310397148132e-02
6.208574175834655762e-01 -6.536131352186203003e-02 -2.240376081317663193e-03 -1.229248791933059692e-01 1.141541451215744019e-01 -1.726381853222846985e-02
6.187543272972106934e-01 -6.533623486757278442e-02 -2.259029308333992958e-03 -1.229300126433372498e-01 1.162595003843307495e-01 -1.736390218138694763e-02
6.165733933448791504e-01 -6.530331820249557495e-02 -2.277994994074106216e-03 -1.229228824377059937e-01 1.183821409940719604e-01 -1.746208034455776215e-02
6.144699454307556152e-01 -6.527826189994812012e-02 -2.296648919582366943e-03 -1.229280382394790649e-01 1.204875558614730835e-01 -1.756216399371623993e-02
6.122936606407165527e-01 -6.524764001369476318e-02 -2.315699122846126556e-03 -1.229249611496925354e-01 1.226255744695663452e-01 -1.766197197139263153e-02
6.101902127265930176e-01 -6.522258371114730835e-02 -2.334353048354387283e-03 -1.229301244020462036e-01 1.247311085462570190e-01 -1.776205189526081085e-02
6.080129742622375488e-01 -6.519196182489395142e-02 -2.353406744077801704e-03 -1.229270249605178833e-01 1.268695443868637085e-01 -1.786186546087265015e-02
6.058977246284484863e-01 -6.516625732183456421e-02 -2.372138202190399170e-03 -1.229313090443611145e-01 1.289823502302169800e-01 -1.796209812164306641e-02
6.037827134132385254e-01 -6.514053791761398315e-02 -2.390865935012698174e-03 -1.229355558753013611e-01 1.310948580503463745e-01 -1.806231401860713959e-02
6.015945076942443848e-01 -6.510931253433227539e-02 -2.409992506727576256e-03 -1.229316368699073792e-01 1.332402676343917847e-01 -1.816227287054061890e-02
5.994790196418762207e-01 -6.508358567953109741e-02 -2.428724430501461029e-03 -1.229358613491058350e-01 1.353530734777450562e-01 -1.826249249279499054e-02
5.972855687141418457e-01 -6.504998356103897095e-02 -2.447771606966853142e-03 -1.229278445243835449e-01 1.374837607145309448e-01 -1.836085319519042969e-02
5.951614975929260254e-01 -6.502394378185272217e-02 -2.466577570885419846e-03 -1.229317635297775269e-01 1.396044343709945679e-01 -1.846140436828136444e-02
5.929650664329528809e-01 -6.499240547418594360e-02 -2.485775621607899666e-03 -1.229275837540626526e-01 1.417575329542160034e-01 -1.856170780956745148e-02
5.908406376838684082e-01 -6.496633589267730713e-02 -2.504583215340971947e-03 -1.229314878582954407e-01 1.438785046339035034e-01 -1.866226829588413239e-02
5.886433720588684082e-01 -6.493473798036575317e-02 -2.523785457015037537e-03 -1.229272037744522095e-01 1.460319608449935913e-01 -1.876255497336387634e-02
5.865195393562316895e-01 -6.490870565176010132e-02 -2.542587695643305779e-03 -1.229311600327491760e-01 1.481523960828781128e-01 -1.886311173439025879e-02
5.843953490257263184e-01 -6.488265842199325562e-02 -2.561394823715090752e-03 -1.229350790381431580e-01 1.502731889486312866e-01 -1.896367222070693970e-02
5.821990370750427246e-01 -6.485111266374588013e-02 -2.580591710284352303e-03 -1.229308992624282837e-01 1.524263471364974976e-01 -1.906396634876728058e-02
5.800749659538269043e-01 -6.482505798339843750e-02 -2.599395811557769775e-03 -1.229348182678222656e-01 1.545468419790267944e-01 -1.916451007127761841e-02
5.778730511665344238e-01 -6.479112803936004639e-02 -2.618515631183981895e-03 -1.229264512658119202e-01 1.566851586103439331e-01 -1.926318742334842682e-02
5.757495760917663574e-01 -6.476511806249618530e-02 -2.637318102642893791e-03 -1.229304373264312744e-01 1.588055342435836792e-01 -1.936374232172966003e-02
5.735521912574768066e-01 -6.473353505134582520e-02 -2.656519645825028419e-03 -1.229261755943298340e-01 1.609589308500289917e-01 -1.946402713656425476e-02
5.714283585548400879e-01 -6.470748782157897949e-02 -2.675323048606514931e-03 -1.229301244020462036e-01 1.630794852972030640e-01 -1.956458576023578644e-02
5.692313313484191895e-01 -6.467592716217041016e-02 -2.694524126127362251e-03 -1.229258924722671509e-01 1.652329415082931519e-01 -1.966488361358642578e-02
5.671076178550720215e-01 -6.464988738298416138e-02 -2.713328925892710686e-03 -1.229298263788223267e-01 1.673534959554672241e-01 -1.976544037461280823e-02
5.652084946632385254e-01 -6.463890522718429565e-02 -2.730895997956395149e-03 -1.229561418294906616e-01 1.693678945302963257e-01 -1.986622810363769531e-02
5.635016560554504395e-01 -6.464012712240219116e-02 -2.747405320405960083e-03 -1.230005994439125061e-01 1.712899059057235718e-01 -1.996704190969467163e-02
5.618587136268615723e-01 -6.464625895023345947e-02 -2.763567725196480751e-03 -1.230523288249969482e-01 1.731834858655929565e-01 -2.006810531020164490e-02
5.601448416709899902e-01 -6.464498490095138550e-02 -2.780005568638443947e-03 -1.230924576520919800e-01 1.750913709402084351e-01 -2.016729861497879028e-02
5.585013031959533691e-01 -6.465107947587966919e-02 -2.796170301735401154e-03 -1.231441274285316467e-01 1.769851893186569214e-01 -2.026834897696971893e-02
5.567944645881652832e-01 -6.465232372283935547e-02 -2.812678460031747818e-03 -1.231886148452758789e-01 1.789070814847946167e-01 -2.036916278302669525e-02
5.551516413688659668e-01 -6.465845555067062378e-02 -2.828839700669050217e-03 -1.232403442263603210e-01 1.808005422353744507e-01 -2.047021873295307159e-02
5.534443259239196777e-01 -6.465964764356613159e-02 -2.845351351425051689e-03 -1.232847571372985840e-01 1.827227920293807983e-01 -2.057103626430034637e-02
5.518007874488830566e-01 -6.466578692197799683e-02 -2.861514920368790627e-03 -1.233364865183830261e-01 1.846166104078292847e-01 -2.067210152745246887e-02
5.501535534858703613e-01 -6.467170268297195435e-02 -2.877706428989768028e-03 -1.233879476785659790e-01 1.865131109952926636e-01 -2.077325247228145599e-02
5.484777092933654785e-01 -6.467573344707489014e-02 -2.894071629270911217e-03 -1.234367042779922485e-01 1.884252279996871948e-01 -2.087453752756118774e-02
5.471286177635192871e-01 -6.470616906881332397e-02 -2.908741356804966927e-03 -1.235249564051628113e-01 1.902039498090744019e-01 -2.097822166979312897e-02
5.457195639610290527e-01 -6.473004817962646484e-02 -2.923631342127919197e-03 -1.236028894782066345e-01 1.919923871755599976e-01 -2.108009718358516693e-02
5.443705916404724121e-01 -6.476044654846191406e-02 -2.938301768153905869e-03 -1.236911043524742126e-01 1.937711089849472046e-01 -2.118376642465591431e-02
5.429646372795104980e-01 -6.478665024042129517e-02 -2.953286981210112572e-03 -1.237731501460075378e-01 1.955762952566146851e-01 -2.128734067082405090e-02
5.416035056114196777e-01 -6.481651216745376587e-02 -2.968043321743607521e-03 -1.238606795668601990e-01 1.973636001348495483e-01 -2.139126695692539215e-02
5.401889681816101074e-01 -6.484227627515792847e-02 -2.983094193041324615e-03 -1.239421740174293518e-01 1.991753429174423218e-01 -2.149503678083419800e-02
5.388270020484924316e-01 -6.487210094928741455e-02 -2.997853327542543411e-03 -1.240296438336372375e-01 2.009629458189010620e-01 -2.159896306693553925e-02
5.374657511711120605e-01 -6.490194052457809448e-02 -3.012609668076038361e-03 -1.241171211004257202e-01 2.027501910924911499e-01 -2.170288935303688049e-02
5.360493063926696777e-01 -6.492767482995986938e-02 -3.027673577889800072e-03 -1.241986081004142761e-01 2.045634835958480835e-01 -2.180672064423561096e-02
5.346859097480773926e-01 -6.495746225118637085e-02 -3.042448312044143677e-03 -1.242860779166221619e-01 2.063528150320053101e-01 -2.191073447465896606e-02
5.332624316215515137e-01 -6.498069316148757935e-02 -3.057440044358372688e-03 -1.243632212281227112e-01 2.081516832113265991e-01 -2.201292850077152252e-02
5.318983197212219238e-01 -6.501045078039169312e-02 -3.072220832109451294e-03 -1.244506314396858215e-01 2.099414914846420288e-01 -2.211695536971092224e-02
5.304806828498840332e-01 -6.503614038228988647e-02 -3.087294986471533775e-03 -1.245320513844490051e-01 2.117557972669601440e-01 -2.222082950174808502e-02
5.291166901588439941e-01 -6.506589055061340332e-02 -3.102073911577463150e-03 -1.246194615960121155e-01 2.135456055402755737e-01 -2.232485637068748474e-02
5.276988148689270020e-01 -6.509158015251159668e-02 -3.117148531600832939e-03 -1.247008964419364929e-01 2.153600305318832397e-01 -2.242872677743434906e-02
5.263349413871765137e-01 -6.512137502431869507e-02 -3.131926991045475006e-03 -1.247883662581443787e-01 2.171497195959091187e-01 -2.253276295959949493e-02
5.249711871147155762e-01 -6.515114009380340576e-02 -3.146704751998186111e-03 -1.248758062720298767e-01 2.189394086599349976e-01 -2.263678982853889465e-02
5.234695076942443848e-01 -6.517478078603744507e-02 -3.162471810355782509e-03 -1.249556168913841248e-01 2.208293527364730835e-01 -2.274387702345848083e-02
5.220176577568054199e-01 -6.520240008831024170e-02 -3.177980426698923111e-03 -1.250413507223129272e-01 2.226987928152084351e-01 -2.285129949450492859e-02
5.205029845237731934e-01 -6.522338092327117920e-02 -3.193725598976016045e-03 -1.251166760921478271e-01 2.245796173810958862e-01 -2.295698039233684540e-02
5.190445780754089355e-01 -6.524892896413803101e-02 -3.209250280633568764e-03 -1.251993477344512939e-01 2.264466136693954468e-01 -2.306383103132247925e-02
5.175312161445617676e-01 -6.527021527290344238e-02 -3.225071588531136513e-03 -1.252757757902145386e-01 2.283379882574081421e-01 -2.317048422992229462e-02
5.160672068595886230e-01 -6.529542803764343262e-02 -3.240633755922317505e-03 -1.253580152988433838e-01 2.302086800336837769e-01 -2.327743917703628540e-02
5.145335793495178223e-01 -6.531694531440734863e-02 -3.256667405366897583e-03 -1.254353523254394531e-01 2.321252673864364624e-01 -2.338549122214317322e-02
5.130024552345275879e-01 -6.534335762262344360e-02 -3.272942500188946724e-03 -1.255214512348175049e-01 2.340817302465438843e-01 -2.349735237658023834e-02
5.113661885261535645e-01 -6.536833941936492920e-02 -3.290153341367840767e-03 -1.256075501441955566e-01 2.361434549093246460e-01 -2.361420542001724243e-02
5.096334815025329590e-01 -6.538821756839752197e-02 -3.308018669486045837e-03 -1.256869137287139893e-01 2.382690757513046265e-01 -2.373261377215385437e-02
5.078573822975158691e-01 -6.541012227535247803e-02 -3.326406702399253845e-03 -1.257709413766860962e-01 2.404602617025375366e-01 -2.385515160858631134e-02
5.060277581214904785e-01 -6.542553007602691650e-02 -3.344958648085594177e-03 -1.258446425199508667e-01 2.426548451185226440e-01 -2.397557720541954041e-02
5.042524933815002441e-01 -6.544743478298187256e-02 -3.363344352692365646e-03 -1.259286850690841675e-01 2.448458522558212280e-01 -2.409810572862625122e-02
5.024227499961853027e-01 -6.546521186828613281e-02 -3.382025053724646568e-03 -1.260066330432891846e-01 2.470612376928329468e-01 -2.422044612467288971e-02
5.006470084190368652e-01 -6.548711657524108887e-02 -3.400412388145923615e-03 -1.260906904935836792e-01 2.492524236440658569e-01 -2.434299327433109283e-02
4.988171458244323730e-01 -6.550488620996475220e-02 -3.419096115976572037e-03 -1.261686235666275024e-01 2.514679431915283203e-01 -2.446534670889377594e-02
4.970418810844421387e-01 -6.552678346633911133e-02 -3.437481122091412544e-03 -1.262526661157608032e-01 2.536588907241821289e-01 -2.458786964416503906e-02
4.952659010887145996e-01 -6.554868072271347046e-02 -3.455867990851402283e-03 -1.263366788625717163e-01 2.558499574661254883e-01 -2.471040189266204834e-02
4.934368729591369629e-01 -6.556648761034011841e-02 -3.474546829238533974e-03 -1.264146715402603149e-01 2.580651640892028809e-01 -2.483274415135383606e-02
4.916606545448303223e-01 -6.558835506439208984e-02 -3.492936026304960251e-03 -1.264986842870712280e-01 2.602563500404357910e-01 -2.495528198778629303e-02
4.898316264152526855e-01 -6.560379266738891602e-02 -3.511484479531645775e-03 -1.265724003314971924e-01 2.624507546424865723e-01 -2.507570199668407440e-02
4.880560040473937988e-01 -6.562571227550506592e-02 -3.529871348291635513e-03 -1.266564875841140747e-01 2.646418213844299316e-01 -2.519823983311653137e-02
4.862260222434997559e-01 -6.564346700906753540e-02 -3.548553911969065666e-03 -1.267343908548355103e-01 2.668573856353759766e-01 -2.532059140503406525e-02
4.844502806663513184e-01 -6.566536426544189453e-02 -3.566941944882273674e-03 -1.268184185028076172e-01 2.690485715866088867e-01 -2.544312365353107452e-02
4.826212525367736816e-01 -6.568315625190734863e-02 -3.585619619116187096e-03 -1.268964111804962158e-01 2.712635993957519531e-01 -2.556547150015830994e-02
4.808456301689147949e-01 -6.570506095886230469e-02 -3.604007652029395103e-03 -1.269804537296295166e-01 2.734547853469848633e-01 -2.568800933659076691e-02
4.790696501731872559e-01 -6.572697311639785767e-02 -3.622394520789384842e-03 -1.270644962787628174e-01 2.756458520889282227e-01 -2.581053599715232849e-02
4.772400259971618652e-01 -6.574472784996032715e-02 -3.641075687482953072e-03 -1.271424293518066406e-01 2.778611779212951660e-01 -2.593287825584411621e-02
4.754645228385925293e-01 -6.576664745807647705e-02 -3.659461857751011848e-03 -1.272265017032623291e-01 2.800521850585937500e-01 -2.605541609227657318e-02
4.736450314521789551e-01 -6.578341126441955566e-02 -3.677991917356848717e-03 -1.273023784160614014e-01 2.822475433349609375e-01 -2.617635577917098999e-02
4.718852639198303223e-01 -6.580732017755508423e-02 -3.696334548294544220e-03 -1.273896396160125732e-01 2.844384312629699707e-01 -2.629959024488925934e-02
4.700725674629211426e-01 -6.582717597484588623e-02 -3.714967053383588791e-03 -1.274709254503250122e-01 2.866531610488891602e-01 -2.642263844609260559e-02
4.683122038841247559e-01 -6.585105508565902710e-02 -3.733313409611582756e-03 -1.275581270456314087e-01 2.888442277908325195e-01 -2.654586173593997955e-02
4.664998650550842285e-01 -6.587093323469161987e-02 -3.751945216208696365e-03 -1.276394426822662354e-01 2.910588383674621582e-01 -2.666892483830451965e-02
4.647375941276550293e-01 -6.589469313621520996e-02 -3.770303446799516678e-03 -1.277265101671218872e-01 2.932512164115905762e-01 -2.679217793047428131e-02
4.630511403083801270e-01 -6.592448800802230835e-02 -3.788260975852608681e-03 -1.278225034475326538e-01 2.954112291336059570e-01 -2.691586874425411224e-02
4.613631367683410645e-01 -6.595424562692642212e-02 -3.806233638897538185e-03 -1.279185265302658081e-01 2.975732684135437012e-01 -2.703965641558170319e-02
4.597238898277282715e-01 -6.598773598670959473e-02 -3.823941573500633240e-03 -1.280200481414794922e-01 2.997131943702697754e-01 -2.716359496116638184e-02
4.580356478691101074e-01 -6.601510196924209595e-02 -3.841784782707691193e-03 -1.281117647886276245e-01 3.018543720245361328e-01 -2.728546038269996643e-02
4.563968777656555176e-01 -6.604862958192825317e-02 -3.859490389004349709e-03 -1.282133013010025024e-01 3.039941191673278809e-01 -2.740940079092979431e-02
4.547082781791687012e-01 -6.607836484909057617e-02 -3.877466544508934021e-03 -1.283092945814132690e-01 3.061562776565551758e-01 -2.753319218754768372e-02
4.530687928199768066e-01 -6.611185520887374878e-02 -3.895173780620098114e-03 -1.284108161926269531e-01 3.082962036132812500e-01 -2.765714563429355621e-02
4.513807892799377441e-01 -6.614159792661666870e-02 -3.913147840648889542e-03 -1.285067945718765259e-01 3.104582428932189941e-01 -2.778092771768569946e-02
4.497414231300354004e-01 -6.617507338523864746e-02 -3.930855542421340942e-03 -1.286082863807678223e-01 3.125982284545898438e-01 -2.790487743914127350e-02
4.481021761894226074e-01 -6.620857864618301392e-02 -3.948562312871217728e-03 -1.287098228931427002e-01 3.147380352020263672e-01 -2.802883088588714600e-02
4.464139342308044434e-01 -6.623832136392593384e-02 -3.966536838561296463e-03 -1.288058161735534668e-01 3.169000744819641113e-01 -2.815261296927928925e-02
4.447748064994812012e-01 -6.627182662487030029e-02 -3.984242212027311325e-03 -1.289073377847671509e-01 3.190399408340454102e-01 -2.827655710279941559e-02
4.430868029594421387e-01 -6.629920750856399536e-02 -4.002087283879518509e-03 -1.289990991353988647e-01 3.211812376976013184e-01 -2.839842252433300018e-02
4.414474368095397949e-01 -6.633269786834716797e-02 -4.019794054329395294e-03 -1.291006207466125488e-01 3.233211040496826172e-01 -2.852236665785312653e-02
4.397588372230529785e-01 -6.636243313550949097e-02 -4.037770442664623260e-03 -1.291965991258621216e-01 3.254833817481994629e-01 -2.864616364240646362e-02
4.381199479103088379e-01 -6.639595329761505127e-02 -4.055473487824201584e-03 -1.292981356382369995e-01 3.276230096817016602e-01 -2.877010218799114227e-02
4.364312291145324707e-01 -6.642565876245498657e-02 -4.073451738804578781e-03 -1.293940842151641846e-01 3.297852277755737305e-01 -2.889388985931873322e-02
4.347926974296569824e-01 -6.645919382572174072e-02 -4.091155249625444412e-03 -1.294956505298614502e-01 3.319249153137207031e-01 -2.901783958077430725e-02
4.331529736518859863e-01 -6.649266928434371948e-02 -4.108862485736608505e-03 -1.295971274375915527e-01 3.340648412704467773e-01 -2.914176881313323975e-02
4.314889311790466309e-01 -6.652475893497467041e-02 -4.126704763621091843e-03 -1.296965330839157104e-01 3.362168073654174805e-01 -2.926573716104030609e-02
4.298997521400451660e-01 -6.656293570995330811e-02 -4.144134931266307831e-03 -1.298048496246337891e-01 3.383351564407348633e-01 -2.938999608159065247e-02
4.282627701759338379e-01 -6.659520417451858521e-02 -4.161696415394544601e-03 -1.299036592245101929e-01 3.404546976089477539e-01 -2.951218932867050171e-02
4.266721606254577637e-01 -6.663333624601364136e-02 -4.179133567959070206e-03 -1.300119012594223022e-01 3.425737619400024414e-01 -2.963644824922084808e-02
4.250349402427673340e-01 -6.666792929172515869e-02 -4.196825902909040451e-03 -1.301149278879165649e-01 3.447140455245971680e-01 -2.976056933403015137e-02
4.234452843666076660e-01 -6.670611351728439331e-02 -4.214259795844554901e-03 -1.302232593297958374e-01 3.468328714370727539e-01 -2.988484315574169159e-02
4.218079447746276855e-01 -6.674069911241531372e-02 -4.231952130794525146e-03 -1.303262710571289062e-01 3.489730954170227051e-01 -3.000894561409950256e-02
4.202180504798889160e-01 -6.677885353565216064e-02 -4.249386489391326904e-03 -1.304345130920410156e-01 3.510919809341430664e-01 -3.013319894671440125e-02
4.186279177665710449e-01 -6.681702286005020142e-02 -4.266823176294565201e-03 -1.305428445339202881e-01 3.532110452651977539e-01 -3.025747649371623993e-02
4.169902205467224121e-01 -6.685160845518112183e-02 -4.284517839550971985e-03 -1.306458413600921631e-01 3.553516864776611328e-01 -3.038159757852554321e-02
4.154006838798522949e-01 -6.688977777957916260e-02 -4.301950335502624512e-03 -1.307541280984878540e-01 3.574703335762023926e-01 -3.050585649907588959e-02
