-6.341195583343505859e+00 -1.832894533872604370e-01 -2.809599936008453369e-01 -1.448846757411956787e-01 -2.139213085174560547e-01 -1.194126233458518982e-01 5.083610153198242188e+01 -4.769265353679656982e-01 -3.937533795833587646e-01 2.480432891845703125e+01
-6.349541664123535156e+00 -1.893049627542495728e-01 -2.816512882709503174e-01 -1.449012756347656250e-01 -2.139197140932083130e-01 -1.193489879369735718e-01 5.094216537475585938e+01 -4.772336184978485107e-01 -3.954289853572845459e-01 2.481002426147460938e+01
-6.354541301727294922e+00 -1.950819790363311768e-01 -2.820576429367065430e-01 -1.448284089565277100e-01 -2.138109803199768066e-01 -1.192316636443138123e-01 5.100480270385742188e+01 -4.772528409957885742e-01 -3.967375457286834717e-01 2.480257987976074219e+01
-6.347550392150878906e+00 -2.013414651155471802e-01 -2.819539904594421387e-01 -1.447296142578125000e-01 -2.136619836091995239e-01 -1.188193112611770630e-01 5.076875686645507812e+01 -4.764160513877868652e-01 -3.972293436527252197e-01 2.474647712707519531e+01
-6.360342502593994141e+00 -2.106749117374420166e-01 -2.817407250404357910e-01 -1.454111635684967041e-01 -2.146712690591812134e-01 -1.198499277234077454e-01 5.058094024658203125e+01 -4.770206809043884277e-01 -3.995008766651153564e-01 2.476746177673339844e+01
-6.385456562042236328e+00 -2.205321788787841797e-01 -2.788116335868835449e-01 -1.453663110733032227e-01 -2.146933376789093018e-01 -1.201147437095642090e-01 5.063293838500976562e+01 -4.756169915199279785e-01 -4.009578227996826172e-01 2.479873466491699219e+01
-6.414732933044433594e+00 -2.315452545881271362e-01 -2.771513760089874268e-01 -1.453702002763748169e-01 -2.151828557252883911e-01 -1.202427968382835388e-01 5.039896392822265625e+01 -4.723857045173645020e-01 -4.040535688400268555e-01 2.475347328186035156e+01
-6.388192176818847656e+00 -2.347800582647323608e-01 -2.759167850017547607e-01 -1.456247270107269287e-01 -2.144173532724380493e-01 -1.198280602693557739e-01 4.986530303955078125e+01 -4.696958363056182861e-01 -4.027765095233917236e-01 2.466664886474609375e+01
-6.373200416564941406e+00 -2.349665910005569458e-01 -2.753946483135223389e-01 -1.453752517700195312e-01 -2.137077599763870239e-01 -1.197778508067131042e-01 4.922996520996093750e+01 -4.701360464096069336e-01 -4.012421667575836182e-01 2.465091514587402344e+01
-6.384939670562744141e+00 -2.348788082599639893e-01 -2.766812741756439209e-01 -1.452154964208602905e-01 -2.136458009481430054e-01 -1.200140342116355896e-01 4.878436660766601562e+01 -4.716937541961669922e-01 -4.015283584594726562e-01 2.466457366943359375e+01
-6.384151458740234375e+00 -2.353045791387557983e-01 -2.798528671264648438e-01 -1.451062411069869995e-01 -2.136702835559844971e-01 -1.196587160229682922e-01 4.803834152221679688e+01 -4.720893800258636475e-01 -4.000596404075622559e-01 2.461440086364746094e+01
-6.388461589813232422e+00 -2.346471697092056274e-01 -2.814464271068572998e-01 -1.451847702264785767e-01 -2.134356498718261719e-01 -1.194510236382484436e-01 4.731248855590820312e+01 -4.727896153926849365e-01 -3.993211686611175537e-01 2.460383987426757812e+01
-6.396678924560546875e+00 -2.340606898069381714e-01 -2.821103930473327637e-01 -1.449040770530700684e-01 -2.130593955516815186e-01 -1.195210888981819153e-01 4.665779876708984375e+01 -4.730083644390106201e-01 -3.992618620395660400e-01 2.461043167114257812e+01
-6.400612831115722656e+00 -2.333917915821075439e-01 -2.824569940567016602e-01 -1.446482390165328979e-01 -2.126415818929672241e-01 -1.195680424571037292e-01 4.601759719848632812e+01 -4.729185402393341064e-01 -3.990420699119567871e-01 2.459650993347167969e+01
-6.415323257446289062e+00 -2.344289124011993408e-01 -2.831731438636779785e-01 -1.447668075561523438e-01 -2.127760201692581177e-01 -1.196752414107322693e-01 4.545067214965820312e+01 -4.740253686904907227e-01 -3.993132710456848145e-01 2.461996078491210938e+01
-6.428505897521972656e+00 -2.357372492551803589e-01 -2.838252484798431396e-01 -1.448576599359512329e-01 -2.128189057111740112e-01 -1.196398511528968811e-01 4.480351638793945312e+01 -4.751395285129547119e-01 -3.991020023822784424e-01 2.464530563354492188e+01
-6.444203376770019531e+00 -2.370262295007705688e-01 -2.841835021972656250e-01 -1.448574960231781006e-01 -2.128289341926574707e-01 -1.195778325200080872e-01 4.387171936035156250e+01 -4.758306741714477539e-01 -3.986966609954833984e-01 2.466009712219238281e+01
-6.455917358398437500e+00 -2.376971691846847534e-01 -2.840196490287780762e-01 -1.447136998176574707e-01 -2.125736624002456665e-01 -1.194570735096931458e-01 4.289002990722656250e+01 -4.757763445377349854e-01 -3.980029523372650146e-01 2.465109443664550781e+01
-6.470041275024414062e+00 -2.380340099334716797e-01 -2.838006615638732910e-01 -1.446857750415802002e-01 -2.124111652374267578e-01 -1.194723546504974365e-01 4.201297378540039062e+01 -4.757980704307556152e-01 -3.975115120410919189e-01 2.466481590270996094e+01
-6.487285137176513672e+00 -2.384943962097167969e-01 -2.835055291652679443e-01 -1.447129845619201660e-01 -2.123518139123916626e-01 -1.195713281631469727e-01 4.109854125976562500e+01 -4.760005772113800049e-01 -3.969243466854095459e-01 2.469742012023925781e+01
