-6.017433404922485352e-01 -4.635327160358428955e-01 -6.376572251319885254e-01 -5.605722665786743164e-01 -5.472517013549804688e-01 4.449770450592041016e+00 -3.411295115947723389e-01 -6.317102909088134766e-01 -8.567413091659545898e-01 1.588971972465515137e+00
-6.036000847816467285e-01 -4.639747440814971924e-01 -6.344528198242187500e-01 -5.587638616561889648e-01 -5.508081316947937012e-01 4.355060577392578125e+00 -3.465791344642639160e-01 -6.453765034675598145e-01 -8.575115203857421875e-01 1.572247385978698730e+00
-6.050410270690917969e-01 -4.648262560367584229e-01 -6.314765214920043945e-01 -5.572707653045654297e-01 -5.532234311103820801e-01 4.248283863067626953e+00 -3.515377044677734375e-01 -6.575058102607727051e-01 -8.577518463134765625e-01 1.571495413780212402e+00
-6.052034497261047363e-01 -4.645871520042419434e-01 -6.275643110275268555e-01 -5.547864437103271484e-01 -5.537216067314147949e-01 4.151231765747070312e+00 -3.545731902122497559e-01 -6.678985953330993652e-01 -8.556042313575744629e-01 1.584603667259216309e+00
-6.085663437843322754e-01 -4.669682085514068604e-01 -6.250618696212768555e-01 -5.505304932594299316e-01 -5.535597205162048340e-01 3.971972942352294922e+00 -3.577254414558410645e-01 -6.877547502517700195e-01 -8.507069945335388184e-01 1.433323025703430176e+00
-6.111370325088500977e-01 -4.723879098892211914e-01 -6.231029629707336426e-01 -5.443276762962341309e-01 -5.511428117752075195e-01 3.816948890686035156e+00 -3.623618483543395996e-01 -7.083023190498352051e-01 -8.440297245979309082e-01 1.332707285881042480e+00
-6.129744052886962891e-01 -4.695441424846649170e-01 -6.164209246635437012e-01 -5.297014713287353516e-01 -5.498322844505310059e-01 3.633849143981933594e+00 -3.675988316535949707e-01 -7.389422655105590820e-01 -8.333988189697265625e-01 1.370851635932922363e+00
-6.142977476119995117e-01 -4.618225693702697754e-01 -6.101336479187011719e-01 -5.142791271209716797e-01 -5.505733489990234375e-01 3.469723701477050781e+00 -3.665569126605987549e-01 -7.473580837249755859e-01 -8.202225565910339355e-01 1.300611019134521484e+00
-6.133094429969787598e-01 -4.599468111991882324e-01 -6.068207621574401855e-01 -5.102787613868713379e-01 -5.497016906738281250e-01 3.301991224288940430e+00 -3.582805991172790527e-01 -7.424367070198059082e-01 -8.146011829376220703e-01 1.287803530693054199e+00
-6.137338280677795410e-01 -4.612802863121032715e-01 -6.047942638397216797e-01 -5.118194222450256348e-01 -5.518313646316528320e-01 3.171347618103027344e+00 -3.523524105548858643e-01 -7.404214143753051758e-01 -8.138424754142761230e-01 1.273377299308776855e+00
-6.128981113433837891e-01 -4.588572680950164795e-01 -5.992855429649353027e-01 -5.088916420936584473e-01 -5.559874773025512695e-01 3.028881072998046875e+00 -3.440634906291961670e-01 -7.337597012519836426e-01 -8.111652135848999023e-01 1.183924555778503418e+00
-6.132334470748901367e-01 -4.581292569637298584e-01 -5.946068167686462402e-01 -5.072149634361267090e-01 -5.601186752319335938e-01 2.940926074981689453e+00 -3.355845808982849121e-01 -7.270048260688781738e-01 -8.105151057243347168e-01 1.133677721023559570e+00
-6.129840016365051270e-01 -4.574395716190338135e-01 -5.914644598960876465e-01 -5.070666670799255371e-01 -5.643605589866638184e-01 2.861984729766845703e+00 -3.280269503593444824e-01 -7.218402028083801270e-01 -8.110128045082092285e-01 1.074413657188415527e+00
-6.122727990150451660e-01 -4.563956260681152344e-01 -5.876013636589050293e-01 -5.067071914672851562e-01 -5.683537721633911133e-01 2.797576189041137695e+00 -3.206146061420440674e-01 -7.166880369186401367e-01 -8.114838004112243652e-01 1.012179374694824219e+00
-6.137886047363281250e-01 -4.552559554576873779e-01 -5.849949717521667480e-01 -5.059826970100402832e-01 -5.744875669479370117e-01 2.717969655990600586e+00 -3.139821887016296387e-01 -7.141770720481872559e-01 -8.138482570648193359e-01 9.845548272132873535e-01
-6.154822111129760742e-01 -4.533054232597351074e-01 -5.816891193389892578e-01 -5.040605664253234863e-01 -5.819706916809082031e-01 2.655498743057250977e+00 -3.061518371105194092e-01 -7.107207179069519043e-01 -8.161499500274658203e-01 9.658986926078796387e-01
-6.166111230850219727e-01 -4.511453211307525635e-01 -5.771737694740295410e-01 -5.033875107765197754e-01 -5.901236534118652344e-01 2.618804216384887695e+00 -2.946436703205108643e-01 -7.065279483795166016e-01 -8.192136883735656738e-01 9.475072026252746582e-01
-6.170684695243835449e-01 -4.492120146751403809e-01 -5.720890760421752930e-01 -5.027139186859130859e-01 -5.974400043487548828e-01 2.583354234695434570e+00 -2.823747992515563965e-01 -7.012411355972290039e-01 -8.217197060585021973e-01 9.328116774559020996e-01
-6.175870895385742188e-01 -4.482611715793609619e-01 -5.679190158843994141e-01 -5.027881264686584473e-01 -6.041435003280639648e-01 2.566062688827514648e+00 -2.710883915424346924e-01 -6.962114572525024414e-01 -8.243749141693115234e-01 9.273181557655334473e-01
-6.184814572334289551e-01 -4.472859799861907959e-01 -5.635283589363098145e-01 -5.025290846824645996e-01 -6.121212244033813477e-01 2.547190904617309570e+00 -2.591096758842468262e-01 -6.904166936874389648e-01 -8.274365067481994629e-01 9.182085990905761719e-01
