-7.484658807516098022e-02 -5.338236689567565918e-02 -5.275616422295570374e-02 -5.028158426284790039e-02 -5.456037446856498718e-02 -5.047295615077018738e-02 -5.081084743142127991e-02 -5.110985040664672852e-02 -5.316239595413208008e-02 -5.274057388305664062e-02
-7.262908667325973511e-02 -5.330489575862884521e-02 -5.253464728593826294e-02 -5.021771416068077087e-02 -5.367418751120567322e-02 -5.045374110341072083e-02 -4.976415634155273438e-02 -5.207077786326408386e-02 -4.985208809375762939e-02 -5.071860179305076599e-02
-7.392881810665130615e-02 -5.335078760981559753e-02 -5.255492404103279114e-02 -5.015581101179122925e-02 -5.324604362249374390e-02 -5.053391307592391968e-02 -4.947644472122192383e-02 -5.254054814577102661e-02 -4.809277132153511047e-02 -4.967719316482543945e-02
-7.609110325574874878e-02 -5.334556847810745239e-02 -5.251796916127204895e-02 -5.012132599949836731e-02 -5.298599973320960999e-02 -5.053826048970222473e-02 -4.945147410035133362e-02 -5.258778110146522522e-02 -4.736861586570739746e-02 -4.920057207345962524e-02
-7.763785868883132935e-02 -5.340791121125221252e-02 -5.258097499608993530e-02 -5.017899721860885620e-02 -5.293180048465728760e-02 -5.059186369180679321e-02 -4.954709485173225403e-02 -5.266280099749565125e-02 -4.730202257633209229e-02 -4.918496683239936829e-02
-7.892369478940963745e-02 -5.338697880506515503e-02 -5.256115645170211792e-02 -5.016303062438964844e-02 -5.277990549802780151e-02 -5.056142061948776245e-02 -4.956690222024917603e-02 -5.266379192471504211e-02 -4.722714424133300781e-02 -4.913983121514320374e-02
-7.984786480665206909e-02 -5.332751199603080750e-02 -5.249485746026039124e-02 -5.010879412293434143e-02 -5.264103785157203674e-02 -5.048774182796478271e-02 -4.955135285854339600e-02 -5.261560901999473572e-02 -4.726273566484451294e-02 -4.915399104356765747e-02
-8.044761419296264648e-02 -5.323137342929840088e-02 -5.239033699035644531e-02 -4.999429732561111450e-02 -5.256265029311180115e-02 -5.037000402808189392e-02 -4.953040182590484619e-02 -5.251087620854377747e-02 -4.758935794234275818e-02 -4.935479536652565002e-02
-8.201031386852264404e-02 -5.337994918227195740e-02 -5.255801603198051453e-02 -5.008139088749885559e-02 -5.315922200679779053e-02 -5.041766166687011719e-02 -5.009845271706581116e-02 -5.245042219758033752e-02 -4.987611249089241028e-02 -5.094316974282264709e-02
-9.173374623060226440e-02 -5.354209244251251221e-02 -5.272799730300903320e-02 -5.039358884096145630e-02 -5.475988611578941345e-02 -5.030888319015502930e-02 -5.170184373855590820e-02 -5.130988359451293945e-02 -5.458648875355720520e-02 -5.398197472095489502e-02
-1.013782694935798645e-01 -5.354173481464385986e-02 -5.289554968476295471e-02 -5.038697645068168640e-02 -5.560364574193954468e-02 -5.019096285104751587e-02 -5.250861868262290955e-02 -5.073508247733116150e-02 -5.584819614887237549e-02 -5.477737635374069214e-02
-1.090257540345191956e-01 -5.355529487133026123e-02 -5.291518568992614746e-02 -5.039687454700469971e-02 -5.604419112205505371e-02 -5.013133957982063293e-02 -5.301035940647125244e-02 -5.050828680396080017e-02 -5.616943165659904480e-02 -5.505518242716789246e-02
-1.166416630148887634e-01 -5.364449694752693176e-02 -5.298519507050514221e-02 -5.046182870864868164e-02 -5.646275356411933899e-02 -5.014979839324951172e-02 -5.353316664695739746e-02 -5.034167692065238953e-02 -5.638082325458526611e-02 -5.528996512293815613e-02
-1.240775361657142639e-01 -5.358325690031051636e-02 -5.292736366391181946e-02 -5.036017298698425293e-02 -5.672270804643630981e-02 -5.006576329469680786e-02 -5.390622839331626892e-02 -5.000444129109382629e-02 -5.621841922402381897e-02 -5.521832033991813660e-02
-1.324886530637741089e-01 -5.350334942340850830e-02 -5.282521992921829224e-02 -5.030133575201034546e-02 -5.699077993631362915e-02 -4.992456734180450439e-02 -5.428947508335113525e-02 -4.953503608703613281e-02 -5.573072656989097595e-02 -5.487798899412155151e-02
-1.406148672103881836e-01 -5.351228266954421997e-02 -5.278713256120681763e-02 -5.034370720386505127e-02 -5.740537121891975403e-02 -4.986824095249176025e-02 -5.470353364944458008e-02 -4.913317412137985229e-02 -5.529461428523063660e-02 -5.456767976284027100e-02
-1.480196118354797363e-01 -5.355104431509971619e-02 -5.280267447233200073e-02 -5.045410990715026855e-02 -5.774280056357383728e-02 -4.982497170567512512e-02 -5.512074381113052368e-02 -4.873611032962799072e-02 -5.492011085152626038e-02 -5.427731573581695557e-02
-1.544474065303802490e-01 -5.352697893977165222e-02 -5.279304459691047668e-02 -5.047266185283660889e-02 -5.793213099241256714e-02 -4.971620067954063416e-02 -5.539764463901519775e-02 -4.823822528123855591e-02 -5.441293492913246155e-02 -5.384725332260131836e-02
-1.606302261352539062e-01 -5.352958664298057556e-02 -5.287601798772811890e-02 -5.048448964953422546e-02 -5.821686238050460815e-02 -4.966644197702407837e-02 -5.570367723703384399e-02 -4.775996506214141846e-02 -5.392112210392951965e-02 -5.343758314847946167e-02
-1.665986031293869019e-01 -5.350361391901969910e-02 -5.289838835597038269e-02 -5.046146735548973083e-02 -5.853361636400222778e-02 -4.959364607930183411e-02 -5.599427223205566406e-02 -4.720389842987060547e-02 -5.345837771892547607e-02 -5.301024392247200012e-02
