-8.368277549743652344e-02 -5.808227881789207458e-02 2.274943828582763672e+00 2.600840568542480469e+00 7.421832084655761719e-01 7.460579276084899902e-01 -7.925354689359664917e-02 6.442010402679443359e-01 -8.320331573486328125e-02 -8.116437494754791260e-02
-8.383529633283615112e-02 -5.753163993358612061e-02 2.235564708709716797e+00 2.504392862319946289e+00 6.609765291213989258e-01 8.210988640785217285e-01 -7.711268961429595947e-02 4.338906705379486084e-01 -8.133848011493682861e-02 -7.960922271013259888e-02
-8.399242907762527466e-02 -5.825041234493255615e-02 2.160008907318115234e+00 2.435185909271240234e+00 6.182703971862792969e-01 8.542520999908447266e-01 -7.859890162944793701e-02 3.694291114807128906e-01 -8.120323717594146729e-02 -7.963746041059494019e-02
-8.400699496269226074e-02 -5.921030044555664062e-02 2.084471940994262695e+00 2.359951734542846680e+00 6.000248789787292480e-01 8.672212958335876465e-01 -8.081494271755218506e-02 3.830037415027618408e-01 -8.162944763898849487e-02 -8.012122660875320435e-02
-8.413986861705780029e-02 -5.983946099877357483e-02 2.038411855697631836e+00 2.300215959548950195e+00 5.895399451255798340e-01 8.693475127220153809e-01 -8.223859965801239014e-02 3.932540714740753174e-01 -8.204630762338638306e-02 -8.055640012025833130e-02
-8.415545523166656494e-02 -6.034306809306144714e-02 1.983000278472900391e+00 2.231156349182128906e+00 5.764284729957580566e-01 8.672932982444763184e-01 -8.337581157684326172e-02 4.008656740188598633e-01 -8.228816837072372437e-02 -8.081912994384765625e-02
-8.414201438426971436e-02 -6.062157079577445984e-02 1.934070706367492676e+00 2.164742708206176758e+00 5.648401379585266113e-01 8.609764575958251953e-01 -8.411384373903274536e-02 4.044357538223266602e-01 -8.243180066347122192e-02 -8.096872270107269287e-02
-8.408476412296295166e-02 -6.058739498257637024e-02 1.888946533203125000e+00 2.093628168106079102e+00 5.535633563995361328e-01 8.465298414230346680e-01 -8.436782658100128174e-02 4.027482271194458008e-01 -8.249453455209732056e-02 -8.100707828998565674e-02
-8.417303860187530518e-02 -6.051808223128318787e-02 1.895924091339111328e+00 2.072444677352905273e+00 5.725004673004150391e-01 8.180105090141296387e-01 -8.491837233304977417e-02 4.429402053356170654e-01 -8.330646157264709473e-02 -8.165796101093292236e-02
-8.351374417543411255e-02 -6.185611709952354431e-02 1.894608616828918457e+00 2.029373884201049805e+00 6.666271090507507324e-01 7.085252404212951660e-01 -9.370712935924530029e-02 7.519614696502685547e-01 -8.739903569221496582e-02 -8.529091626405715942e-02
-8.267312496900558472e-02 -6.362203508615493774e-02 1.859577775001525879e+00 1.973724603652954102e+00 7.190973162651062012e-01 7.185683250427246094e-01 -1.034968644380569458e-01 9.442912340164184570e-01 -9.065067768096923828e-02 -8.836934715509414673e-02
-8.219979703426361084e-02 -6.543481349945068359e-02 1.814464688301086426e+00 1.937837958335876465e+00 7.441585063934326172e-01 7.522092461585998535e-01 -1.115133613348007202e-01 1.050641894340515137e+00 -9.314295649528503418e-02 -9.079379588365554810e-02
-8.186829090118408203e-02 -6.723485141992568970e-02 1.754570245742797852e+00 1.906366229057312012e+00 7.726834416389465332e-01 7.877433300018310547e-01 -1.195645853877067566e-01 1.156713962554931641e+00 -9.563081711530685425e-02 -9.323532134294509888e-02
-8.127399533987045288e-02 -6.883194297552108765e-02 1.672797083854675293e+00 1.905620813369750977e+00 8.017445206642150879e-01 8.153932690620422363e-01 -1.276094168424606323e-01 1.259814143180847168e+00 -9.795471280813217163e-02 -9.551556408405303955e-02
-8.054717630147933960e-02 -7.051241397857666016e-02 1.587840199470520020e+00 1.941528677940368652e+00 8.374927043914794922e-01 8.535609841346740723e-01 -1.370205879211425781e-01 1.385996341705322266e+00 -1.006835326552391052e-01 -9.820359945297241211e-02
-8.002070337533950806e-02 -7.215958833694458008e-02 1.532141923904418945e+00 1.965177416801452637e+00 8.739836812019348145e-01 8.880858421325683594e-01 -1.462094038724899292e-01 1.513730525970458984e+00 -1.035029962658882141e-01 -1.009849831461906433e-01
-7.964012026786804199e-02 -7.374652475118637085e-02 1.490259528160095215e+00 1.978902816772460938e+00 9.091402888298034668e-01 9.225690364837646484e-01 -1.547230035066604614e-01 1.645084738731384277e+00 -1.061688214540481567e-01 -1.036215499043464661e-01
-7.928164303302764893e-02 -7.512858510017395020e-02 1.438013195991516113e+00 1.983054280281066895e+00 9.470576643943786621e-01 9.477488994598388672e-01 -1.622038632631301880e-01 1.773580431938171387e+00 -1.084476709365844727e-01 -1.058831959962844849e-01
-7.899706810712814331e-02 -7.645082473754882812e-02 1.403181672096252441e+00 1.979008197784423828e+00 9.760561585426330566e-01 9.640848040580749512e-01 -1.694626361131668091e-01 1.900880575180053711e+00 -1.107451915740966797e-01 -1.081633418798446655e-01
-7.869197428226470947e-02 -7.766079902648925781e-02 1.372632980346679688e+00 1.971769452095031738e+00 1.002806425094604492e+00 9.684835076332092285e-01 -1.764960438013076782e-01 2.030554294586181641e+00 -1.129925027489662170e-01 -1.103875115513801575e-01
