-8.746994018554687500e+00 -1.540395915508270264e-01 -3.004631400108337402e-01 2.354954528808593750e+01 1.989141082763671875e+01 -2.497504711151123047e+00 -1.108266234397888184e+00 -3.435209274291992188e+00 -3.157907009124755859e+00 1.216287899017333984e+01
-8.750320434570312500e+00 -1.537566632032394409e-01 -3.008898496627807617e-01 2.359780502319335938e+01 1.977672576904296875e+01 -2.497654199600219727e+00 -1.112090229988098145e+00 -3.446430683135986328e+00 -3.171127796173095703e+00 1.214760303497314453e+01
-8.750350952148437500e+00 -1.535507887601852417e-01 -3.010853230953216553e-01 2.360439682006835938e+01 1.969699096679687500e+01 -2.489551305770874023e+00 -1.111535429954528809e+00 -3.439666748046875000e+00 -3.162221670150756836e+00 1.211263847351074219e+01
-8.748584747314453125e+00 -1.535014808177947998e-01 -3.010989427566528320e-01 2.359370803833007812e+01 1.965262031555175781e+01 -2.470821619033813477e+00 -1.107527852058410645e+00 -3.413029909133911133e+00 -3.124370574951171875e+00 1.209452819824218750e+01
-8.747865676879882812e+00 -1.535121053457260132e-01 -3.009822666645050049e-01 2.357504463195800781e+01 1.960580253601074219e+01 -2.454778432846069336e+00 -1.104729413986206055e+00 -3.392105579376220703e+00 -3.094188451766967773e+00 1.203556156158447266e+01
-8.747650146484375000e+00 -1.534379422664642334e-01 -3.008868992328643799e-01 2.358634185791015625e+01 1.949256706237792969e+01 -2.444409608840942383e+00 -1.103437304496765137e+00 -3.381226539611816406e+00 -3.078947782516479492e+00 1.190037918090820312e+01
-8.747821807861328125e+00 -1.530708074569702148e-01 -3.007501065731048584e-01 2.360471153259277344e+01 1.937434005737304688e+01 -2.424516201019287109e+00 -1.099438428878784180e+00 -3.352465152740478516e+00 -3.036436080932617188e+00 1.182145690917968750e+01
-8.749698638916015625e+00 -1.521575748920440674e-01 -3.009965121746063232e-01 2.361279106140136719e+01 1.930424118041992188e+01 -2.399794578552246094e+00 -1.094220638275146484e+00 -3.314950704574584961e+00 -2.979683160781860352e+00 1.175898456573486328e+01
-8.748034477233886719e+00 -1.513679325580596924e-01 -3.010697066783905029e-01 2.356748962402343750e+01 1.923227882385253906e+01 -2.366615533828735352e+00 -1.086279392242431641e+00 -3.262995481491088867e+00 -2.901922941207885742e+00 1.158948230743408203e+01
-8.745080947875976562e+00 -1.502078473567962646e-01 -3.011487424373626709e-01 2.351140594482421875e+01 1.915921211242675781e+01 -2.332864284515380859e+00 -1.078398108482360840e+00 -3.210885524749755859e+00 -2.822562456130981445e+00 1.137020111083984375e+01
-8.743242263793945312e+00 -1.498486697673797607e-01 -3.012188076972961426e-01 2.343277931213378906e+01 1.912195587158203125e+01 -2.301376819610595703e+00 -1.071544647216796875e+00 -3.163678884506225586e+00 -2.748742103576660156e+00 1.111734676361083984e+01
-8.743017196655273438e+00 -1.497683227062225342e-01 -3.013952076435089111e-01 2.335787582397460938e+01 1.907945442199707031e+01 -2.269078493118286133e+00 -1.063984155654907227e+00 -3.114753246307373047e+00 -2.673260211944580078e+00 1.076502227783203125e+01
-8.743643760681152344e+00 -1.495094597339630127e-01 -3.009871542453765869e-01 2.328326797485351562e+01 1.900897407531738281e+01 -2.235036373138427734e+00 -1.055641889572143555e+00 -3.062989950180053711e+00 -2.594485044479370117e+00 1.033410835266113281e+01
-8.739239692687988281e+00 -1.495822072029113770e-01 -3.005453348159790039e-01 2.317414474487304688e+01 1.889600563049316406e+01 -2.193131923675537109e+00 -1.044664025306701660e+00 -2.998704671859741211e+00 -2.499648571014404297e+00 9.764703750610351562e+00
-8.728353500366210938e+00 -1.495946347713470459e-01 -3.000114262104034424e-01 2.304750442504882812e+01 1.874266052246093750e+01 -2.147747516632080078e+00 -1.031928181648254395e+00 -2.929033994674682617e+00 -2.399718761444091797e+00 9.041766166687011719e+00
-8.737741470336914062e+00 -1.520020663738250732e-01 -3.003949522972106934e-01 2.294499778747558594e+01 1.861025428771972656e+01 -2.105148077011108398e+00 -1.020545721054077148e+00 -2.863204240798950195e+00 -2.303454399108886719e+00 8.247433662414550781e+00
-8.744275093078613281e+00 -1.534633189439773560e-01 -3.005831539630889893e-01 2.295315170288085938e+01 1.846341133117675781e+01 -2.063489437103271484e+00 -1.007360935211181641e+00 -2.796334266662597656e+00 -2.208660602569580078e+00 7.357220649719238281e+00
-8.744762420654296875e+00 -1.536979973316192627e-01 -3.004593253135681152e-01 2.298366355895996094e+01 1.823964309692382812e+01 -2.021478414535522461e+00 -9.929001331329345703e-01 -2.727117538452148438e+00 -2.112588167190551758e+00 6.394898891448974609e+00
-8.745999336242675781e+00 -1.540070623159408569e-01 -3.006108105182647705e-01 2.301823997497558594e+01 1.802741622924804688e+01 -1.980360031127929688e+00 -9.784840941429138184e-01 -2.659660339355468750e+00 -2.020172119140625000e+00 5.418211936950683594e+00
-8.743619918823242188e+00 -1.526530832052230835e-01 -3.007228076457977295e-01 2.308268737792968750e+01 1.778948974609375000e+01 -1.936590552330017090e+00 -9.607143402099609375e-01 -2.583396434783935547e+00 -1.917850494384765625e+00 4.145830154418945312e+00
