-4.304418861865997314e-01 -3.722206652164459229e-01 -3.729695379734039307e-01 -4.345336556434631348e-01 -2.204016894102096558e-01 5.087664604187011719e+00 -7.308897972106933594e-01 -8.875375986099243164e-01 -3.128824830055236816e-01 -3.268991410732269287e-01
-4.303756952285766602e-01 -3.700546324253082275e-01 -3.645847737789154053e-01 -4.331891536712646484e-01 -2.259806841611862183e-01 4.989611625671386719e+00 -7.387804985046386719e-01 -8.980907797813415527e-01 -3.076816797256469727e-01 -3.182821869850158691e-01
-4.303644597530364990e-01 -3.695464730262756348e-01 -3.583824336528778076e-01 -4.286375641822814941e-01 -2.302317321300506592e-01 4.852029323577880859e+00 -7.491301298141479492e-01 -9.103485941886901855e-01 -3.050053119659423828e-01 -3.120167553424835205e-01
-4.304606616497039795e-01 -3.705387115478515625e-01 -3.529358506202697754e-01 -4.233990311622619629e-01 -2.340366244316101074e-01 4.713252067565917969e+00 -7.656519412994384766e-01 -9.239609837532043457e-01 -3.078339397907257080e-01 -3.072097897529602051e-01
-4.304588735103607178e-01 -3.710027933120727539e-01 -3.473898172378540039e-01 -4.175672531127929688e-01 -2.376149296760559082e-01 4.557722091674804688e+00 -7.809732556343078613e-01 -9.368388652801513672e-01 -3.091098964214324951e-01 -3.017936646938323975e-01
-4.303032159805297852e-01 -3.706750273704528809e-01 -3.423073887825012207e-01 -4.115687012672424316e-01 -2.411075532436370850e-01 4.407612800598144531e+00 -7.908966541290283203e-01 -9.457007646560668945e-01 -3.088223338127136230e-01 -2.960726916790008545e-01
-4.304362833499908447e-01 -3.717183172702789307e-01 -3.368214964866638184e-01 -4.055590629577636719e-01 -2.457005381584167480e-01 4.245123386383056641e+00 -8.072449564933776855e-01 -9.567148089408874512e-01 -3.139518499374389648e-01 -2.909917235374450684e-01
-4.307557940483093262e-01 -3.737692236900329590e-01 -3.315882086753845215e-01 -3.995874226093292236e-01 -2.496725469827651978e-01 4.091245174407958984e+00 -8.270463347434997559e-01 -9.689492583274841309e-01 -3.231498301029205322e-01 -2.869000136852264404e-01
-4.310607016086578369e-01 -3.774355351924896240e-01 -3.257606923580169678e-01 -3.920567631721496582e-01 -2.537897527217864990e-01 3.948069810867309570e+00 -8.532376885414123535e-01 -9.824870228767395020e-01 -3.384626209735870361e-01 -2.832376360893249512e-01
-4.312243163585662842e-01 -3.808782398700714111e-01 -3.190318942070007324e-01 -3.847145736217498779e-01 -2.581055462360382080e-01 3.820298433303833008e+00 -8.811939954757690430e-01 -9.966478347778320312e-01 -3.558757305145263672e-01 -2.793323397636413574e-01
-4.311192929744720459e-01 -3.838445544242858887e-01 -3.113173544406890869e-01 -3.781816363334655762e-01 -2.622858881950378418e-01 3.718844652175903320e+00 -9.073721766471862793e-01 -1.009456515312194824e+00 -3.741476237773895264e-01 -2.760639786720275879e-01
-4.309650957584381104e-01 -3.872643113136291504e-01 -3.038528859615325928e-01 -3.718936443328857422e-01 -2.654340863227844238e-01 3.650686979293823242e+00 -9.311794638633728027e-01 -1.019946813583374023e+00 -3.943437635898590088e-01 -2.733706831932067871e-01
-4.313578307628631592e-01 -3.913497924804687500e-01 -2.964279353618621826e-01 -3.657690584659576416e-01 -2.689997553825378418e-01 3.579673528671264648e+00 -9.539220929145812988e-01 -1.029595255851745605e+00 -4.157277345657348633e-01 -2.709561288356781006e-01
-4.317446351051330566e-01 -3.961208164691925049e-01 -2.872073054313659668e-01 -3.582740724086761475e-01 -2.737399637699127197e-01 3.509055376052856445e+00 -9.776778221130371094e-01 -1.038245081901550293e+00 -4.416496157646179199e-01 -2.683136761188507080e-01
-4.320542812347412109e-01 -4.010256826877593994e-01 -2.777759432792663574e-01 -3.499598503112792969e-01 -2.779138982295989990e-01 3.430885791778564453e+00 -1.001238465309143066e+00 -1.045313119888305664e+00 -4.699482619762420654e-01 -2.653884589672088623e-01
-4.327000677585601807e-01 -4.064003527164459229e-01 -2.642534673213958740e-01 -3.424120545387268066e-01 -2.859573662281036377e-01 3.380775451660156250e+00 -1.020340919494628906e+00 -1.051209926605224609e+00 -5.007982254028320312e-01 -2.644297480583190918e-01
-4.331787526607513428e-01 -4.116594195365905762e-01 -2.530395388603210449e-01 -3.356389403343200684e-01 -2.928604781627655029e-01 3.321878671646118164e+00 -1.034571766853332520e+00 -1.054298639297485352e+00 -5.308281183242797852e-01 -2.648864984512329102e-01
-4.335240721702575684e-01 -4.173534214496612549e-01 -2.431039512157440186e-01 -3.274563252925872803e-01 -2.991560101509094238e-01 3.238309621810913086e+00 -1.047235965728759766e+00 -1.056192636489868164e+00 -5.604114532470703125e-01 -2.656792700290679932e-01
-4.339745938777923584e-01 -4.235348701477050781e-01 -2.317481338977813721e-01 -3.187561631202697754e-01 -3.068000078201293945e-01 3.172651529312133789e+00 -1.059040069580078125e+00 -1.058668613433837891e+00 -5.920603275299072266e-01 -2.678375840187072754e-01
-4.346574246883392334e-01 -4.306051433086395264e-01 -2.193726301193237305e-01 -3.077119290828704834e-01 -3.182128667831420898e-01 3.064149856567382812e+00 -1.071505427360534668e+00 -1.058228254318237305e+00 -6.283441185951232910e-01 -2.709202766418457031e-01
